,date_forecast,predict
0,1051747200.0,0.0588
1,1051748100.0,0.0588
2,1051749000.0,0.0588
3,1051749900.0,0.0588
4,1051750800.0,0.0588
5,1051751700.0,0.0588
6,1051752600.0,0.0588
7,1051753500.0,0.0588
8,1051754400.0,0.15679999999999997
9,1051755300.0,0.38220000000000004
10,1051756200.0,1.0093999999999996
11,1051757100.0,1.6071999999999997
12,1051758000.0,1.3916000000000002
13,1051758900.0,1.8718000000000001
14,1051759800.0,5.2626
15,1051760700.0,5.4684
16,1051761600.0,16.689400000000013
17,1051762500.0,29.28239999999999
18,1051763400.0,25.911199999999987
19,1051764300.0,30.674000000000007
20,1051765200.0,75.69193333333334
21,1051766100.0,86.93906666666668
22,1051767000.0,77.32853333333333
23,1051767900.0,107.60726666666667
24,1051768800.0,144.08940000000004
25,1051769700.0,154.68319999999997
26,1051770600.0,187.5524
27,1051771500.0,236.49360000000001
28,1051772400.0,256.06419999999997
29,1051773300.0,248.28300000000007
30,1051774200.0,262.6203999999999
31,1051775100.0,291.4715999999999
32,1051776000.0,309.71919999999994
33,1051776900.0,309.5428
34,1051777800.0,314.7564
35,1051778700.0,328.3686
36,1051779600.0,288.9726
37,1051780500.0,287.5516
38,1051781400.0,296.9008
39,1051782300.0,288.5316
40,1051783200.0,288.7962
41,1051784100.0,294.5193999999999
42,1051785000.0,297.17519999999996
43,1051785900.0,299.9486
44,1051786800.0,298.5276000000001
45,1051787700.0,273.43960000000004
46,1051788600.0,257.3284000000001
47,1051789500.0,251.4190000000001
48,1051790400.0,240.77619999999996
49,1051791300.0,252.05599999999998
50,1051792200.0,275.94840000000016
51,1051793100.0,241.78560000000004
52,1051794000.0,247.37159999999997
53,1051794900.0,258.71999999999997
54,1051795800.0,257.8478
55,1051796700.0,285.4054
56,1051797600.0,283.4747999999999
57,1051798500.0,290.619
58,1051799400.0,269.00020000000006
59,1051800300.0,262.8262000000001
60,1051801200.0,250.92899999999997
61,1051802100.0,217.4031999999999
62,1051803000.0,199.46920000000003
63,1051803900.0,188.55199999999996
64,1051804800.0,150.56719999999993
65,1051805700.0,136.36699999999993
66,1051806600.0,128.42899999999997
67,1051807500.0,124.65599999999999
68,1051808400.0,143.2629333333335
69,1051809300.0,123.82953333333342
70,1051810200.0,114.05893333333331
71,1051811100.0,103.91920000000002
72,1051812000.0,114.00340000000004
73,1051812900.0,98.93100000000003
74,1051813800.0,56.26180000000002
75,1051814700.0,44.933000000000035
76,1051815600.0,42.649600000000035
77,1051816500.0,24.284400000000005
78,1051817400.0,15.689800000000007
79,1051818300.0,6.5072
80,1051819200.0,2.6459999999999986
81,1051820100.0,1.7933999999999992
82,1051821000.0,0.15679999999999997
83,1051821900.0,0.1176
84,1051822800.0,0.1176
85,1051823700.0,0.0882
86,1051824600.0,0.0882
87,1051825500.0,0.0882
88,1051826400.0,0.1176
89,1051827300.0,0.1176
90,1051828200.0,0.1176
91,1051829100.0,0.1176
92,1051830000.0,0.1176
93,1051830900.0,0.147
94,1051831800.0,0.147
95,1051832700.0,0.1176
96,1052179200.0,0.24500000000000002
97,1052180100.0,0.24500000000000002
98,1052181000.0,0.24500000000000002
99,1052181900.0,0.24500000000000002
100,1052182800.0,0.24500000000000002
101,1052183700.0,0.24500000000000002
102,1052184600.0,0.26460000000000006
103,1052185500.0,0.4997999999999999
104,1052186400.0,0.6467999999999998
105,1052187300.0,0.9995999999999996
106,1052188200.0,4.125800000000001
107,1052189100.0,3.2242
108,1052190000.0,4.351200000000002
109,1052190900.0,6.4386
110,1052191800.0,7.212800000000002
111,1052192700.0,15.895600000000007
112,1052193600.0,28.253400000000006
113,1052194500.0,41.032599999999995
114,1052195400.0,54.22340000000003
115,1052196300.0,80.49719999999999
116,1052197200.0,99.83260000000001
117,1052198100.0,111.94539999999998
118,1052199000.0,124.95980000000002
119,1052199900.0,148.0878
120,1052200800.0,165.09079999999997
121,1052201700.0,170.3632
122,1052202600.0,208.1911999999998
123,1052203500.0,233.6516
124,1052204400.0,276.3501999999999
125,1052205300.0,332.9844000000001
126,1052206200.0,335.5030000000001
127,1052207100.0,372.06679999999994
128,1052208000.0,385.5222
129,1052208900.0,401.3982
130,1052209800.0,431.1608
131,1052210700.0,483.58099999999985
132,1052211600.0,517.8418
133,1052212500.0,520.9288
134,1052213400.0,531.3364
135,1052214300.0,537.6084
136,1052215200.0,567.3611999999999
137,1052216100.0,589.2739999999999
138,1052217000.0,608.2859999999998
139,1052217900.0,587.9607999999998
140,1052218800.0,582.2767999999998
141,1052219700.0,578.6507999999998
142,1052220600.0,583.8447999999996
143,1052221500.0,583.0607999999996
144,1052222400.0,567.6747999999998
145,1052223300.0,563.4607999999998
146,1052224200.0,540.0584
147,1052225100.0,513.1084000000001
148,1052226000.0,500.65259999999995
149,1052226900.0,506.2386
150,1052227800.0,478.2987999999999
151,1052228700.0,466.4211999999999
152,1052229600.0,468.16560000000004
153,1052230500.0,458.6008000000001
154,1052231400.0,417.81320000000017
155,1052232300.0,411.36480000000006
156,1052233200.0,399.60479999999984
157,1052234100.0,398.2915999999999
158,1052235000.0,398.95799999999997
159,1052235900.0,369.96959999999984
160,1052236800.0,338.26660000000004
161,1052237700.0,348.05680000000024
162,1052238600.0,333.61160000000024
163,1052239500.0,299.2234000000001
164,1052240400.0,163.75800000000004
165,1052241300.0,152.55659999999997
166,1052242200.0,166.1001999999999
167,1052243100.0,149.01880000000003
168,1052244000.0,120.40280000000001
169,1052244900.0,111.53379999999999
170,1052245800.0,95.05999999999996
171,1052246700.0,64.60160000000005
172,1052247600.0,50.57780000000005
173,1052248500.0,47.804399999999994
174,1052249400.0,24.774400000000004
175,1052250300.0,18.071200000000005
176,1052251200.0,8.7514
177,1052252100.0,2.7832
178,1052253000.0,2.0873999999999997
179,1052253900.0,0.6859999999999994
180,1052254800.0,0.4213999999999998
181,1052255700.0,0.3821999999999999
182,1052256600.0,0.2058
183,1052257500.0,0.1862
184,1052258400.0,0.1862
185,1052259300.0,0.15680000000000002
186,1052260200.0,0.15680000000000002
187,1052261100.0,0.15680000000000002
188,1052262000.0,0.15680000000000002
189,1052262900.0,0.1862
190,1052263800.0,0.1862
191,1052264700.0,0.1862
192,1052870400.0,0.48999999999999966
193,1052871300.0,0.48999999999999966
194,1052872200.0,0.5095999999999996
195,1052873100.0,0.48999999999999966
196,1052874000.0,0.5291999999999996
197,1052874900.0,0.7741999999999996
198,1052875800.0,0.9407999999999997
199,1052876700.0,1.3719999999999997
200,1052877600.0,3.0380000000000003
201,1052878500.0,4.370800000000002
202,1052879400.0,1.6954000000000002
203,1052880300.0,7.791
204,1052881200.0,13.416200000000003
205,1052882100.0,17.787000000000013
206,1052883000.0,25.333
207,1052883900.0,28.17499999999999
208,1052884800.0,43.57079999999999
209,1052885700.0,51.49900000000002
210,1052886600.0,93.11960000000005
211,1052887500.0,114.18960000000004
212,1052888400.0,144.14819999999997
213,1052889300.0,156.7019999999999
214,1052890200.0,171.6273999999999
215,1052891100.0,249.6746
216,1052892000.0,263.6004000000001
217,1052892900.0,319.7837999999999
218,1052893800.0,367.60779999999977
219,1052894700.0,391.47079999999994
220,1052895600.0,446.61540000000025
221,1052896500.0,534.6487999999999
222,1052897400.0,550.7110000000002
223,1052898300.0,551.9164000000003
224,1052899200.0,616.8708000000001
225,1052900100.0,646.5158000000002
226,1052901000.0,678.6598000000002
227,1052901900.0,680.1690000000001
228,1052902800.0,680.8942
229,1052903700.0,707.6285999999999
230,1052904600.0,752.9535999999998
231,1052905500.0,793.9960000000003
232,1052906400.0,792.9866000000002
233,1052907300.0,796.2206
234,1052908200.0,788.8705999999999
235,1052909100.0,767.2125999999998
236,1052910000.0,738.7043999999996
237,1052910900.0,664.6065999999997
238,1052911800.0,675.1415999999997
239,1052912700.0,698.0147999999999
240,1052913600.0,696.6917999999995
241,1052914500.0,633.9815999999998
242,1052915400.0,618.7915999999998
243,1052916300.0,623.9659999999999
244,1052917200.0,613.137
245,1052918100.0,613.7544000000001
246,1052919000.0,611.961
247,1052919900.0,581.5221999999999
248,1052920800.0,562.4023999999997
249,1052921700.0,526.064
250,1052922600.0,502.7204
251,1052923500.0,440.7648000000001
252,1052924400.0,380.8280000000001
253,1052925300.0,344.77380000000005
254,1052926200.0,324.4976
255,1052927100.0,285.5818
256,1052928000.0,185.2592
257,1052928900.0,181.30000000000007
258,1052929800.0,174.09700000000012
259,1052930700.0,126.9394
260,1052931600.0,126.9786
261,1052932500.0,153.81100000000018
262,1052933400.0,160.2790000000001
263,1052934300.0,158.98540000000006
264,1052935200.0,147.44100000000006
265,1052936100.0,116.43380000000006
266,1052937000.0,116.67880000000001
267,1052937900.0,94.32499999999999
268,1052938800.0,93.43320000000001
269,1052939700.0,53.78240000000003
270,1052940600.0,50.391600000000025
271,1052941500.0,27.361600000000013
272,1052942400.0,21.667799999999996
273,1052943300.0,15.856400000000002
274,1052944200.0,4.439400000000001
275,1052945100.0,2.0481999999999987
276,1052946000.0,0.7741999999999998
277,1052946900.0,0.7545999999999995
278,1052947800.0,0.4507999999999997
279,1052948700.0,0.4017999999999999
280,1052949600.0,0.4213999999999998
281,1052950500.0,0.3919999999999999
282,1052951400.0,0.3919999999999999
283,1052952300.0,0.3919999999999999
284,1052953200.0,0.3919999999999999
285,1052954100.0,0.4213999999999998
286,1052955000.0,0.4213999999999998
287,1052955900.0,0.4213999999999998
288,1053216000.0,0.24500000000000002
289,1053216900.0,0.24500000000000002
290,1053217800.0,0.28420000000000006
291,1053218700.0,0.3626
292,1053219600.0,0.5095999999999999
293,1053220500.0,0.8035999999999999
294,1053221400.0,1.2641999999999995
295,1053222300.0,1.47
296,1053223200.0,2.5578000000000007
297,1053224100.0,2.959600000000001
298,1053225000.0,2.616600000000001
299,1053225900.0,5.1646
300,1053226800.0,5.7428
301,1053227700.0,10.192
302,1053228600.0,26.734400000000004
303,1053229500.0,27.214600000000004
304,1053230400.0,28.63559999999999
305,1053231300.0,64.092
306,1053232200.0,85.85780000000001
307,1053233100.0,94.74640000000004
308,1053234000.0,110.55379999999997
309,1053234900.0,162.4056
310,1053235800.0,157.12993333333324
311,1053236700.0,187.1114
312,1053237600.0,238.54179999999997
313,1053238500.0,267.66740000000004
314,1053239400.0,325.67359999999985
315,1053240300.0,364.87359999999984
316,1053241200.0,385.44379999999984
317,1053242100.0,439.5692000000001
318,1053243000.0,512.7850000000003
319,1053243900.0,551.4068000000002
320,1053244800.0,583.9330000000002
321,1053245700.0,594.8893999999999
322,1053246600.0,595.7223999999999
323,1053247500.0,614.7539999999999
324,1053248400.0,618.9483999999998
325,1053249300.0,622.3979999999997
326,1053250200.0,650.2201999999996
327,1053251100.0,629.9832
328,1053252000.0,543.6941999999998
329,1053252900.0,485.19799999999975
330,1053253800.0,505.9151999999997
331,1053254700.0,522.0655999999998
332,1053255600.0,569.3016
333,1053256500.0,585.3736000000001
334,1053257400.0,650.5632000000003
335,1053258300.0,602.1903999999998
336,1053259200.0,560.2464
337,1053260100.0,541.2343999999998
338,1053261000.0,521.6343999999998
339,1053261900.0,480.8664
340,1053262800.0,477.92640000000006
341,1053263700.0,458.71840000000003
342,1053264600.0,482.92440000000005
343,1053265500.0,535.2955999999999
344,1053266400.0,508.24760000000026
345,1053267300.0,494.2826000000001
346,1053268200.0,537.9709999999998
347,1053269100.0,488.9514
348,1053270000.0,454.6710000000002
349,1053270900.0,396.75300000000004
350,1053271800.0,401.22180000000003
351,1053272700.0,370.13619999999986
352,1053273600.0,346.43
353,1053274500.0,323.9292
354,1053275400.0,310.89520000000016
355,1053276300.0,305.0544000000001
356,1053277200.0,255.99560000000002
357,1053278100.0,157.94660000000002
358,1053279000.0,164.96830000000017
359,1053279900.0,122.74500000000002
360,1053280800.0,85.59320000000001
361,1053281700.0,68.1198
362,1053282600.0,67.36519999999999
363,1053283500.0,78.3118
364,1053284400.0,76.51839999999999
365,1053285300.0,66.79680000000003
366,1053286200.0,50.69540000000003
367,1053287100.0,49.8232
368,1053288000.0,29.194199999999995
369,1053288900.0,20.060600000000004
370,1053289800.0,11.701200000000002
371,1053290700.0,3.3418
372,1053291600.0,2.077599999999999
373,1053292500.0,0.9505999999999998
374,1053293400.0,0.8133999999999998
375,1053294300.0,0.5977999999999996
376,1053295200.0,0.4801999999999996
377,1053296100.0,0.37239999999999995
378,1053297000.0,0.37239999999999995
379,1053297900.0,0.4213999999999998
380,1053298800.0,0.4213999999999998
381,1053299700.0,0.34299999999999997
382,1053300600.0,0.29400000000000004
383,1053301500.0,0.29400000000000004
384,1053388800.0,0.48999999999999966
385,1053389700.0,0.5095999999999996
386,1053390600.0,0.5389999999999995
387,1053391500.0,0.7937999999999996
388,1053392400.0,0.8035999999999998
389,1053393300.0,1.1269999999999996
390,1053394200.0,1.2935999999999996
391,1053395100.0,5.5762
392,1053396000.0,3.6554
393,1053396900.0,3.1654000000000013
394,1053397800.0,8.5946
395,1053398700.0,9.751
396,1053399600.0,14.484400000000008
397,1053400500.0,21.275800000000004
398,1053401400.0,26.234599999999986
399,1053402300.0,30.291799999999963
400,1053403200.0,53.135600000000025
401,1053404100.0,82.2906
402,1053405000.0,98.32340000000003
403,1053405900.0,103.47819999999997
404,1053406800.0,118.27619999999996
405,1053407700.0,166.34519999999998
406,1053408600.0,183.06399999999996
407,1053409500.0,241.20740000000006
408,1053410400.0,255.5546000000001
409,1053411300.0,297.51819999999987
410,1053412200.0,334.8268
411,1053413100.0,380.1126000000001
412,1053414000.0,424.7124000000003
413,1053414900.0,450.32959999999997
414,1053415800.0,496.8404000000003
415,1053416700.0,590.7342000000001
416,1053417600.0,610.4616000000001
417,1053418500.0,651.6705999999997
418,1053419400.0,659.3635999999997
419,1053420300.0,670.0945999999999
420,1053421200.0,683.9910000000002
421,1053422100.0,695.9372
422,1053423000.0,695.4668000000003
423,1053423900.0,694.9473999999996
424,1053424800.0,723.3281999999995
425,1053425700.0,698.4655999999997
426,1053426600.0,684.4319999999998
427,1053427500.0,706.4819999999999
428,1053428400.0,712.3620000000003
429,1053429300.0,727.258
430,1053430200.0,763.8120000000001
431,1053431100.0,762.6360000000002
432,1053432000.0,768.614
433,1053432900.0,771.554
434,1053433800.0,773.5139999999998
435,1053434700.0,741.9383999999998
436,1053435600.0,717.2815999999998
437,1053436500.0,662.3917999999999
438,1053437400.0,629.1501999999999
439,1053438300.0,560.3639999999999
440,1053439200.0,502.69100000000003
441,1053440100.0,522.683
442,1053441000.0,525.2603999999997
443,1053441900.0,528.7687999999997
444,1053442800.0,520.1742
445,1053443700.0,470.3314000000001
446,1053444600.0,384.7283999999999
447,1053445500.0,369.74419999999986
448,1053446400.0,356.21039999999994
449,1053447300.0,318.2844
450,1053448200.0,299.096
451,1053449100.0,309.4252
452,1053450000.0,274.7234000000001
453,1053450900.0,229.82960000000003
454,1053451800.0,157.42720000000006
455,1053452700.0,161.07280000000003
456,1053453600.0,153.23280000000003
457,1053454500.0,129.30120000000005
458,1053455400.0,116.5318
459,1053456300.0,113.78779999999992
460,1053457200.0,99.52879999999998
461,1053458100.0,80.5854
462,1053459000.0,59.72120000000006
463,1053459900.0,52.28300000000004
464,1053460800.0,48.84320000000003
465,1053461700.0,21.8442
466,1053462600.0,18.65920000000001
467,1053463500.0,8.231999999999998
468,1053464400.0,2.6655999999999995
469,1053465300.0,1.4307999999999996
470,1053466200.0,0.9113999999999999
471,1053467100.0,0.8035999999999998
472,1053468000.0,0.5095999999999995
473,1053468900.0,0.4801999999999996
474,1053469800.0,0.4605999999999997
475,1053470700.0,0.4605999999999997
476,1053471600.0,0.4605999999999997
477,1053472500.0,0.48999999999999966
478,1053473400.0,0.49979999999999963
479,1053474300.0,0.49979999999999963
480,1053475200.0,0.5193999999999995
481,1053476100.0,0.5487999999999995
482,1053477000.0,0.6369999999999995
483,1053477900.0,0.8035999999999998
484,1053478800.0,0.7839999999999998
485,1053479700.0,1.7934
486,1053480600.0,2.1756
487,1053481500.0,5.4684
488,1053482400.0,3.978800000000001
489,1053483300.0,1.5091999999999999
490,1053484200.0,8.692600000000004
491,1053485100.0,14.072800000000004
492,1053486000.0,17.640000000000008
493,1053486900.0,25.078200000000006
494,1053487800.0,25.21540000000001
495,1053488700.0,40.98359999999999
496,1053489600.0,55.86000000000001
497,1053490500.0,86.82800000000003
498,1053491400.0,115.60080000000002
499,1053492300.0,134.81859999999998
500,1053493200.0,152.77219999999997
501,1053494100.0,160.2887999999999
502,1053495000.0,235.12159999999997
503,1053495900.0,249.26300000000015
504,1053496800.0,278.89820000000003
505,1053497700.0,305.1621999999998
506,1053498600.0,359.67959999999994
507,1053499500.0,396.5471999999999
508,1053500400.0,470.20400000000006
509,1053501300.0,479.2298000000004
510,1053502200.0,510.65840000000026
511,1053503100.0,588.9408000000002
512,1053504000.0,587.2356000000001
513,1053504900.0,636.0885999999998
514,1053505800.0,652.1899999999997
515,1053506700.0,643.9482
516,1053507600.0,603.7094000000002
517,1053508500.0,578.7683999999999
518,1053509400.0,587.6667999999997
519,1053510300.0,598.3683999999998
520,1053511200.0,596.3495999999999
521,1053512100.0,566.0675999999999
522,1053513000.0,561.9516
523,1053513900.0,569.8308000000001
524,1053514800.0,554.3468
525,1053515700.0,557.1888
526,1053516600.0,563.0688
527,1053517500.0,535.8835999999999
528,1053518400.0,525.3975999999999
529,1053519300.0,521.5952
530,1053520200.0,495.23320000000007
531,1053521100.0,488.37320000000005
532,1053522000.0,460.11000000000024
533,1053522900.0,456.288
534,1053523800.0,423.7520000000002
535,1053524700.0,376.2024000000002
536,1053525600.0,357.9744
537,1053526500.0,379.7108000000002
538,1053527400.0,465.96059999999966
539,1053528300.0,495.8603999999998
540,1053529200.0,476.0448
541,1053530100.0,429.0930000000001
542,1053531000.0,397.88000000000005
543,1053531900.0,356.78859999999986
544,1053532800.0,331.3968
545,1053533700.0,293.0395999999999
546,1053534600.0,248.91999999999993
547,1053535500.0,214.767
548,1053536400.0,156.39819999999995
549,1053537300.0,148.4602
550,1053538200.0,155.39860000000013
551,1053539100.0,153.7326000000001
552,1053540000.0,155.8298
553,1053540900.0,133.16240000000008
554,1053541800.0,111.48480000000006
555,1053542700.0,112.29819999999997
556,1053543600.0,95.07959999999999
557,1053544500.0,92.62960000000002
558,1053545400.0,60.01520000000005
559,1053546300.0,54.22340000000004
560,1053547200.0,51.63620000000004
561,1053548100.0,22.4126
562,1053549000.0,18.629800000000007
563,1053549900.0,10.368400000000003
564,1053550800.0,3.1261999999999994
565,1053551700.0,1.4405999999999992
566,1053552600.0,0.8623999999999999
567,1053553500.0,0.8035999999999998
568,1053554400.0,0.6075999999999995
569,1053555300.0,0.5095999999999995
570,1053556200.0,0.4801999999999996
571,1053557100.0,0.4605999999999997
572,1053558000.0,0.4605999999999997
573,1053558900.0,0.48999999999999966
574,1053559800.0,0.48999999999999966
575,1053560700.0,0.49979999999999963
576,1053561600.0,0.5389999999999995
577,1053562500.0,0.5389999999999995
578,1053563400.0,0.7643999999999995
579,1053564300.0,0.8133999999999998
580,1053565200.0,0.9309999999999999
581,1053566100.0,1.4993999999999996
582,1053567000.0,1.9992
583,1053567900.0,4.949000000000001
584,1053568800.0,4.116000000000001
585,1053569700.0,1.7051999999999998
586,1053570600.0,8.6926
587,1053571500.0,12.867400000000005
588,1053572400.0,16.60120000000001
589,1053573300.0,24.686200000000003
590,1053574200.0,36.26
591,1053575100.0,46.471599999999995
592,1053576000.0,53.165
593,1053576900.0,94.95220000000003
594,1053577800.0,113.82700000000003
595,1053578700.0,137.58219999999994
596,1053579600.0,152.75259999999994
597,1053580500.0,167.62899999999988
598,1053581400.0,241.6386
599,1053582300.0,258.0340000000001
600,1053583200.0,315.9912
601,1053584100.0,351.3495999999997
602,1053585000.0,380.86719999999985
603,1053585900.0,422.0565999999999
604,1053586800.0,515.6367999999999
605,1053587700.0,545.7424000000001
606,1053588600.0,548.7706000000002
607,1053589500.0,591.7142000000001
608,1053590400.0,638.0682000000002
609,1053591300.0,683.3245999999999
610,1053592200.0,680.4923999999999
611,1053593100.0,688.3618000000001
612,1053594000.0,718.1831999999999
613,1053594900.0,769.5547999999997
614,1053595800.0,767.8593999999998
615,1053596700.0,759.1667999999997
616,1053597600.0,659.1283999999998
617,1053598500.0,706.6387999999996
618,1053599400.0,771.4069999999996
619,1053600300.0,760.0389999999996
620,1053601200.0,747.1911999999995
621,1053602100.0,740.0567999999996
622,1053603000.0,729.7961999999995
623,1053603900.0,741.8305999999995
624,1053604800.0,720.5645999999996
625,1053605700.0,666.1549999999997
626,1053606600.0,523.2220000000002
627,1053607500.0,441.27440000000007
628,1053608400.0,448.51660000000004
629,1053609300.0,415.9806000000002
630,1053610200.0,392.4606000000003
631,1053611100.0,400.94740000000013
632,1053612000.0,377.4176000000001
633,1053612900.0,441.05880000000013
634,1053613800.0,467.9891999999999
635,1053614700.0,422.4388000000001
636,1053615600.0,438.4618000000001
637,1053616500.0,396.98820000000006
638,1053617400.0,330.50499999999994
639,1053618300.0,326.43799999999993
640,1053619200.0,304.11359999999985
641,1053620100.0,273.86099999999993
642,1053621000.0,221.68580000000009
643,1053621900.0,256.0151999999999
644,1053622800.0,197.56799999999996
645,1053623700.0,186.80433333333323
646,1053624600.0,160.05360000000016
647,1053625500.0,168.36400000000015
648,1053626400.0,155.87880000000004
649,1053627300.0,142.82520000000005
650,1053628200.0,110.64200000000004
651,1053629100.0,115.23819999999998
652,1053630000.0,96.91219999999997
653,1053630900.0,79.69359999999999
654,1053631800.0,59.58400000000004
655,1053632700.0,49.686000000000014
656,1053633600.0,47.73580000000002
657,1053634500.0,26.0484
658,1053635400.0,18.698400000000003
659,1053636300.0,12.828200000000006
660,1053637200.0,2.9890000000000003
661,1053638100.0,1.793399999999999
662,1053639000.0,0.8525999999999999
663,1053639900.0,0.7349999999999994
664,1053640800.0,0.6467999999999995
665,1053641700.0,0.46059999999999973
666,1053642600.0,0.4703999999999997
667,1053643500.0,0.4703999999999997
668,1053644400.0,0.4507999999999997
669,1053645300.0,0.4801999999999997
670,1053646200.0,0.4801999999999997
671,1053647100.0,0.4997999999999997
672,1053648000.0,0.4997999999999997
673,1053648900.0,0.5977999999999997
674,1053649800.0,0.7545999999999996
675,1053650700.0,0.7937999999999996
676,1053651600.0,1.1563999999999997
677,1053652500.0,1.1661999999999997
678,1053653400.0,1.8521999999999996
679,1053654300.0,1.862
680,1053655200.0,0.9995999999999999
681,1053656100.0,1.7345999999999997
682,1053657000.0,2.1854
683,1053657900.0,3.606400000000001
684,1053658800.0,7.0952
685,1053659700.0,18.227999999999987
686,1053660600.0,21.38359999999999
687,1053661500.0,21.844199999999997
688,1053662400.0,27.03820000000001
689,1053663300.0,33.87860000000001
690,1053664200.0,36.358
691,1053665100.0,39.062799999999996
692,1053666000.0,48.5345
693,1053666900.0,57.34469999999997
694,1053667800.0,62.30349999999998
695,1053668700.0,74.24479999999998
696,1053669600.0,97.33359999999999
697,1053670500.0,96.6574
698,1053671400.0,96.95139999999999
699,1053672300.0,100.96939999999996
700,1053673200.0,106.11439999999997
701,1053674100.0,104.4876
702,1053675000.0,110.52440000000004
703,1053675900.0,130.03620000000004
704,1053676800.0,148.5386000000001
705,1053677700.0,142.47240000000008
706,1053678600.0,144.55000000000004
707,1053679500.0,145.71620000000001
708,1053680400.0,147.7742
709,1053681300.0,164.69879999999998
710,1053682200.0,168.83439999999996
711,1053683100.0,167.17819999999992
712,1053684000.0,166.44319999999996
713,1053684900.0,178.1444
714,1053685800.0,192.4132
715,1053686700.0,200.6354
716,1053687600.0,224.4200000000001
717,1053688500.0,223.02840000000012
718,1053689400.0,226.88960000000014
719,1053690300.0,225.83120000000014
720,1053691200.0,220.49020000000007
721,1053692100.0,246.50920000000005
722,1053693000.0,252.0756000000001
723,1053693900.0,295.35240000000005
724,1053694800.0,297.9984000000001
725,1053695700.0,309.64080000000007
726,1053696600.0,360.42440000000005
727,1053697500.0,283.87660000000017
728,1053698400.0,252.7616
729,1053699300.0,276.3796
730,1053700200.0,243.10859999999994
731,1053701100.0,262.34599999999995
732,1053702000.0,271.2738
733,1053702900.0,283.15139999999997
734,1053703800.0,259.9939999999999
735,1053704700.0,257.22059999999993
736,1053705600.0,229.77079999999998
737,1053706500.0,195.58839999999998
738,1053707400.0,186.77820000000003
739,1053708300.0,142.4724
740,1053709200.0,115.73800000000003
741,1053710100.0,97.97059999999999
742,1053711000.0,85.64219999999999
743,1053711900.0,88.00400000000002
744,1053712800.0,70.02100000000002
745,1053713700.0,55.869800000000005
746,1053714600.0,69.9132
747,1053715500.0,80.9284
748,1053716400.0,73.24520000000001
749,1053717300.0,72.50040000000001
750,1053718200.0,61.544000000000025
751,1053719100.0,50.372000000000035
752,1053720000.0,48.91180000000002
753,1053720900.0,25.734800000000003
754,1053721800.0,20.5898
755,1053722700.0,12.093200000000007
756,1053723600.0,3.6946000000000003
757,1053724500.0,1.9011999999999987
758,1053725400.0,1.2053999999999996
759,1053726300.0,0.7741999999999998
760,1053727200.0,0.7349999999999994
761,1053728100.0,0.5389999999999996
762,1053729000.0,0.4507999999999997
763,1053729900.0,0.4213999999999998
764,1053730800.0,0.22540000000000002
765,1053731700.0,0.2548
766,1053732600.0,0.196
767,1053733500.0,0.22540000000000002
768,1053820800.0,0.24500000000000002
769,1053821700.0,0.392
770,1053822600.0,0.4312
771,1053823500.0,0.6958000000000001
772,1053824400.0,1.2837999999999994
773,1053825300.0,1.2641999999999995
774,1053826200.0,2.597
775,1053827100.0,1.3426000000000002
776,1053828000.0,1.4895999999999998
777,1053828900.0,1.6366
778,1053829800.0,7.0070000000000014
779,1053830700.0,9.309999999999999
780,1053831600.0,11.475800000000001
781,1053832500.0,24.5686
782,1053833400.0,23.157400000000003
783,1053834300.0,31.898999999999983
784,1053835200.0,40.49359999999999
785,1053836100.0,56.82039999999999
786,1053837000.0,56.154
787,1053837900.0,60.96579999999998
788,1053838800.0,108.42720000000001
789,1053839700.0,149.21479999999994
790,1053840600.0,152.73299999999995
791,1053841500.0,181.67239999999995
792,1053842400.0,180.77080000000007
793,1053843300.0,169.12840000000003
794,1053844200.0,192.80519999999996
795,1053845100.0,219.28479999999996
796,1053846000.0,253.83960000000002
797,1053846900.0,367.1863999999997
798,1053847800.0,422.7719999999999
799,1053848700.0,392.7742000000001
800,1053849600.0,372.3510000000001
801,1053850500.0,375.2028000000001
802,1053851400.0,394.8420000000001
803,1053852300.0,414.63800000000015
804,1053853200.0,416.3432000000002
805,1053854100.0,360.7772000000001
806,1053855000.0,341.5692000000001
807,1053855900.0,361.9532
808,1053856800.0,383.7974
809,1053857700.0,401.3001999999999
810,1053858600.0,427.7013999999999
811,1053859500.0,426.07459999999986
812,1053860400.0,463.38319999999993
813,1053861300.0,450.8784000000001
814,1053862200.0,461.14880000000005
815,1053863100.0,445.5864000000001
816,1053864000.0,465.34320000000014
817,1053864900.0,482.6107999999999
818,1053865800.0,456.8367999999999
819,1053866700.0,431.43519999999995
820,1053867600.0,418.6363999999999
821,1053868500.0,404.0344
822,1053869400.0,385.0616000000001
823,1053870300.0,359.5816000000001
824,1053871200.0,329.9954000000001
825,1053872100.0,323.17460000000005
826,1053873000.0,312.01240000000007
827,1053873900.0,354.76980000000003
828,1053874800.0,365.2264
829,1053875700.0,358.7682
830,1053876600.0,306.7400000000001
831,1053877500.0,233.80840000000003
832,1053878400.0,204.2908
833,1053879300.0,168.95199999999994
834,1053880200.0,162.7191999999999
835,1053881100.0,99.28379999999997
836,1053882000.0,82.565
837,1053882900.0,73.58819999999997
838,1053883800.0,68.502
839,1053884700.0,57.31040000000001
840,1053885600.0,44.2078
841,1053886500.0,43.68350000000001
842,1053887400.0,42.982800000000005
843,1053888300.0,38.9256
844,1053889200.0,57.251600000000046
845,1053890100.0,50.65620000000004
846,1053891000.0,50.09760000000002
847,1053891900.0,29.164800000000014
848,1053892800.0,26.2346
849,1053893700.0,24.137399999999992
850,1053894600.0,18.473000000000003
851,1053895500.0,14.7294
852,1053896400.0,4.743200000000001
853,1053897300.0,1.4601999999999993
854,1053898200.0,1.3131999999999997
855,1053899100.0,0.7153999999999998
856,1053900000.0,0.5095999999999999
857,1053900900.0,0.49
858,1053901800.0,0.31360000000000005
859,1053902700.0,0.23520000000000002
860,1053903600.0,0.23520000000000002
861,1053904500.0,0.26460000000000006
862,1053905400.0,0.26460000000000006
863,1053906300.0,0.22540000000000002
864,1053993600.0,0.7643999999999997
865,1053994500.0,0.7839999999999998
866,1053995400.0,0.7545999999999996
867,1053996300.0,1.2053999999999996
868,1053997200.0,1.2641999999999995
869,1053998100.0,1.4406
870,1053999000.0,2.2932
871,1053999900.0,1.5974000000000002
872,1054000800.0,1.7052
873,1054001700.0,2.9792000000000005
874,1054002600.0,4.0180000000000025
875,1054003500.0,6.164200000000001
876,1054004400.0,11.995199999999997
877,1054005300.0,25.284000000000013
878,1054006200.0,29.586200000000005
879,1054007100.0,36.35800000000001
880,1054008000.0,39.99380000000002
881,1054008900.0,38.65120000000002
882,1054009800.0,35.015400000000014
883,1054010700.0,37.72020000000001
884,1054011600.0,56.66849999999999
885,1054012500.0,66.17449999999997
886,1054013400.0,67.45829999999997
887,1054014300.0,88.51849999999995
888,1054015200.0,140.53199999999998
889,1054016100.0,143.4818
890,1054017000.0,141.01219999999998
891,1054017900.0,146.5002
892,1054018800.0,152.13520000000003
893,1054019700.0,201.34099999999998
894,1054020600.0,202.99720000000005
895,1054021500.0,250.00779999999983
896,1054022400.0,304.8584
897,1054023300.0,309.1704000000001
898,1054024200.0,296.6460000000001
899,1054025100.0,294.15680000000003
900,1054026000.0,309.89560000000006
901,1054026900.0,312.24760000000015
902,1054027800.0,341.3634
903,1054028700.0,343.27440000000007
904,1054029600.0,356.0340000000001
905,1054030500.0,324.8307999999999
906,1054031400.0,318.0198
907,1054032300.0,321.685
908,1054033200.0,326.8986000000001
909,1054034100.0,333.70959999999997
910,1054035000.0,328.594
911,1054035900.0,297.69460000000004
912,1054036800.0,270.42119999999994
913,1054037700.0,257.9654
914,1054038600.0,262.1009999999999
915,1054039500.0,264.5608
916,1054040400.0,262.87519999999995
917,1054041300.0,233.93579999999997
918,1054042200.0,220.60779999999994
919,1054043100.0,185.38660000000004
920,1054044000.0,186.73900000000006
921,1054044900.0,181.0452
922,1054045800.0,169.0108
923,1054046700.0,179.59480000000002
924,1054047600.0,162.70940000000002
925,1054048500.0,166.3256
926,1054049400.0,139.59119999999996
927,1054050300.0,128.82099999999997
928,1054051200.0,123.4702
929,1054052100.0,125.27340000000002
930,1054053000.0,124.3522
931,1054053900.0,86.3233
932,1054054800.0,64.04299999999996
933,1054055700.0,62.259399999999985
934,1054056600.0,67.6592
935,1054057500.0,46.746
936,1054058400.0,44.947700000000026
937,1054059300.0,46.68720000000001
938,1054060200.0,36.740199999999994
939,1054061100.0,46.765600000000006
940,1054062000.0,62.63180000000003
941,1054062900.0,58.535400000000045
942,1054063800.0,56.88900000000006
943,1054064700.0,48.96080000000002
944,1054065600.0,48.65700000000002
945,1054066500.0,25.558400000000002
946,1054067400.0,21.236600000000003
947,1054068300.0,14.053200000000002
948,1054069200.0,9.378600000000002
949,1054070100.0,2.2931999999999992
950,1054071000.0,1.3719999999999997
951,1054071900.0,1.1955999999999996
952,1054072800.0,0.7153999999999996
953,1054073700.0,0.7447999999999995
954,1054074600.0,0.7447999999999995
955,1054075500.0,0.6271999999999995
956,1054076400.0,0.5291999999999997
957,1054077300.0,0.5585999999999997
958,1054078200.0,0.5585999999999997
959,1054079100.0,0.6565999999999995
960,1054080000.0,0.7251999999999994
961,1054080900.0,0.7349999999999994
962,1054081800.0,0.8819999999999998
963,1054082700.0,1.1563999999999994
964,1054083600.0,1.1465999999999996
965,1054084500.0,1.96
966,1054085400.0,1.6954000000000002
967,1054086300.0,1.8130000000000006
968,1054087200.0,2.6754000000000007
969,1054088100.0,3.1066000000000007
970,1054089000.0,3.655400000000002
971,1054089900.0,6.4582
972,1054090800.0,14.856799999999996
973,1054091700.0,22.7164
974,1054092600.0,24.99
975,1054093500.0,34.897800000000004
976,1054094400.0,42.4487
977,1054095300.0,49.06859999999999
978,1054096200.0,51.24419999999999
979,1054097100.0,59.966199999999986
980,1054098000.0,110.9752
981,1054098900.0,105.546
982,1054099800.0,114.96379999999999
983,1054100700.0,137.65079999999998
984,1054101600.0,172.83279999999996
985,1054102500.0,183.42660000000006
986,1054103400.0,194.4124
987,1054104300.0,209.21039999999982
988,1054105200.0,233.18119999999988
989,1054106100.0,389.2951999999999
990,1054107000.0,433.91459999999984
991,1054107900.0,345.1854
992,1054108800.0,353.9466000000001
993,1054109700.0,321.54779999999994
994,1054110600.0,312.1887999999999
995,1054111500.0,251.9384
996,1054112400.0,230.5352
997,1054113300.0,213.90459999999996
998,1054114200.0,217.76579999999996
999,1054115100.0,213.91439999999992
1000,1054116000.0,224.83159999999992
1001,1054116900.0,241.56020000000004
1002,1054117800.0,232.44619999999998
1003,1054118700.0,235.48420000000002
1004,1054119600.0,238.17919999999995
1005,1054120500.0,262.4146
1006,1054121400.0,258.12219999999996
1007,1054122300.0,251.99719999999996
1008,1054123200.0,235.396
1009,1054124100.0,248.12619999999998
1010,1054125000.0,245.69579999999988
1011,1054125900.0,238.97299999999993
1012,1054126800.0,215.4432
1013,1054127700.0,220.06879999999992
1014,1054128600.0,225.86059999999995
1015,1054129500.0,194.96120000000008
1016,1054130400.0,189.58100000000005
1017,1054131300.0,186.93500000000006
1018,1054132200.0,187.03300000000007
1019,1054133100.0,168.71680000000003
1020,1054134000.0,189.46339999999987
1021,1054134900.0,211.82699999999986
1022,1054135800.0,270.6661999999999
1023,1054136700.0,274.7332
1024,1054137600.0,258.7396
1025,1054138500.0,234.024
1026,1054139400.0,235.31760000000003
1027,1054140300.0,186.56260000000006
1028,1054141200.0,166.4628000000001
1029,1054142100.0,151.7987333333333
1030,1054143000.0,143.58960000000002
1031,1054143900.0,158.1034000000002
1032,1054144800.0,156.9274000000002
1033,1054145700.0,140.39480000000012
1034,1054146600.0,116.68860000000008
1035,1054147500.0,119.02099999999999
1036,1054148400.0,114.79719999999999
1037,1054149300.0,89.46420000000002
1038,1054150200.0,71.35379999999999
1039,1054151100.0,46.14820000000002
1040,1054152000.0,42.96320000000002
1041,1054152900.0,36.45600000000001
1042,1054153800.0,23.6278
1043,1054154700.0,18.120200000000004
1044,1054155600.0,11.299400000000002
1045,1054156500.0,2.890999999999999
1046,1054157400.0,1.724799999999999
1047,1054158300.0,1.1367999999999996
1048,1054159200.0,0.9505999999999998
1049,1054160100.0,0.7153999999999995
1050,1054161000.0,0.6859999999999994
1051,1054161900.0,0.4507999999999999
1052,1054162800.0,0.40179999999999993
1053,1054163700.0,0.42139999999999994
1054,1054164600.0,0.3822
1055,1054165500.0,0.4311999999999999
1056,1054252800.0,0.7741999999999998
1057,1054253700.0,0.7447999999999996
1058,1054254600.0,1.2151999999999996
1059,1054255500.0,2.3912000000000004
1060,1054256400.0,1.5287999999999997
1061,1054257300.0,3.763200000000001
1062,1054258200.0,2.1560000000000006
1063,1054259100.0,1.6856
1064,1054260000.0,2.9106
1065,1054260900.0,6.507200000000003
1066,1054261800.0,7.389200000000001
1067,1054262700.0,8.6632
1068,1054263600.0,25.82300000000001
1069,1054264500.0,29.31180000000001
1070,1054265400.0,28.076999999999988
1071,1054266300.0,29.61559999999999
1072,1054267200.0,53.07679999999996
1073,1054268100.0,60.95599999999999
1074,1054269000.0,66.14019999999995
1075,1054269900.0,92.7668
1076,1054270800.0,131.76100000000005
1077,1054271700.0,155.59949999999998
1078,1054272600.0,174.23420000000002
1079,1054273500.0,170.3583
1080,1054274400.0,190.56100000000004
1081,1054275300.0,191.7076
1082,1054276200.0,220.42159999999993
1083,1054277100.0,211.55259999999998
1084,1054278000.0,230.23139999999995
1085,1054278900.0,220.59799999999998
1086,1054279800.0,233.22039999999993
1087,1054280700.0,182.78960000000006
1088,1054281600.0,167.6878000000001
1089,1054282500.0,154.70280000000008
1090,1054283400.0,162.64080000000004
1091,1054284300.0,178.74220000000008
1092,1054285200.0,211.07240000000004
1093,1054286100.0,230.18240000000011
1094,1054287000.0,247.09720000000007
1095,1054287900.0,257.3970000000001
1096,1054288800.0,234.46500000000006
1097,1054289700.0,245.4508000000001
1098,1054290600.0,256.2308000000002
1099,1054291500.0,250.85060000000016
1100,1054292400.0,246.32300000000018
1101,1054293300.0,238.23800000000017
1102,1054294200.0,235.00400000000016
1103,1054295100.0,236.09180000000015
1104,1054296000.0,227.66380000000012
1105,1054296900.0,228.93780000000012
1106,1054297800.0,211.03320000000014
1107,1054298700.0,191.79580000000013
1108,1054299600.0,161.96460000000005
1109,1054300500.0,166.86460000000005
1110,1054301400.0,174.11660000000003
1111,1054302300.0,138.2388
1112,1054303200.0,130.3694
1113,1054304100.0,127.75280000000002
1114,1054305000.0,147.21560000000008
1115,1054305900.0,148.22500000000008
1116,1054306800.0,190.73739999999998
1117,1054307700.0,201.67419999999998
1118,1054308600.0,211.17039999999994
1119,1054309500.0,205.62359999999998
1120,1054310400.0,198.00899999999993
1121,1054311300.0,178.23259999999993
1122,1054312200.0,158.94619999999995
1123,1054313100.0,113.99360000000007
1124,1054314000.0,92.39439999999999
1125,1054314900.0,86.23999999999997
1126,1054315800.0,73.82339999999995
1127,1054316700.0,63.322699999999976
1128,1054317600.0,55.6297
1129,1054318500.0,50.9159
1130,1054319400.0,46.094300000000004
1131,1054320300.0,35.799400000000006
1132,1054321200.0,53.576600000000006
1133,1054322100.0,54.977999999999994
1134,1054323000.0,56.2618
1135,1054323900.0,52.06740000000004
1136,1054324800.0,26.215
1137,1054325700.0,23.363200000000003
1138,1054326600.0,18.68860000000001
1139,1054327500.0,16.718800000000005
1140,1054328400.0,13.612200000000003
1141,1054329300.0,5.625200000000002
1142,1054330200.0,2.1657999999999986
1143,1054331100.0,1.3033999999999997
1144,1054332000.0,1.1759999999999995
1145,1054332900.0,0.8035999999999998
1146,1054333800.0,0.7937999999999996
1147,1054334700.0,0.7643999999999997
1148,1054335600.0,0.7643999999999997
1149,1054336500.0,0.7643999999999997
1150,1054337400.0,0.7643999999999997
1151,1054338300.0,0.7643999999999997
1152,1054425600.0,0.5488
1153,1054426500.0,0.7349999999999999
1154,1054427400.0,0.9897999999999996
1155,1054428300.0,1.1171999999999995
1156,1054429200.0,1.2543999999999997
1157,1054430100.0,2.7538000000000005
1158,1054431000.0,2.4598000000000004
1159,1054431900.0,1.5876
1160,1054432800.0,2.1266000000000003
1161,1054433700.0,4.498200000000001
1162,1054434600.0,6.174000000000001
1163,1054435500.0,8.800400000000002
1164,1054436400.0,20.031200000000002
1165,1054437300.0,24.108
1166,1054438200.0,23.059400000000004
1167,1054439100.0,27.19499999999999
1168,1054440000.0,47.0008
1169,1054440900.0,55.65419999999999
1170,1054441800.0,61.191199999999974
1171,1054442700.0,94.02120000000001
1172,1054443600.0,106.01639999999999
1173,1054444500.0,129.91860000000005
1174,1054445400.0,132.839
1175,1054446300.0,136.89620000000008
1176,1054447200.0,129.15420000000003
1177,1054448100.0,159.22060000000002
1178,1054449000.0,195.24539999999996
1179,1054449900.0,205.85879999999986
1180,1054450800.0,192.74639999999997
1181,1054451700.0,225.45879999999985
1182,1054452600.0,243.22619999999992
1183,1054453500.0,183.4364
1184,1054454400.0,200.77260000000007
1185,1054455300.0,198.16580000000002
1186,1054456200.0,202.82080000000002
1187,1054457100.0,217.16800000000003
1188,1054458000.0,242.0404
1189,1054458900.0,227.2816
1190,1054459800.0,227.81080000000003
1191,1054460700.0,226.11539999999997
1192,1054461600.0,225.38040000000004
1193,1054462500.0,282.5928
1194,1054463400.0,261.7972000000001
1195,1054464300.0,293.7060000000001
1196,1054465200.0,276.36980000000005
1197,1054466100.0,224.12600000000003
1198,1054467000.0,200.50800000000007
1199,1054467900.0,170.82379999999998
1200,1054468800.0,177.83079999999998
1201,1054469700.0,184.84759999999994
1202,1054470600.0,190.9627999999999
1203,1054471500.0,180.75119999999995
1204,1054472400.0,177.3898
1205,1054473300.0,179.70259999999996
1206,1054474200.0,173.28359999999998
1207,1054475100.0,143.90320000000003
1208,1054476000.0,124.75400000000002
1209,1054476900.0,136.05340000000004
1210,1054477800.0,149.99880000000002
1211,1054478700.0,136.71980000000002
1212,1054479600.0,171.04919999999998
1213,1054480500.0,179.8594
1214,1054481400.0,168.90299999999996
1215,1054482300.0,138.81700000000004
1216,1054483200.0,118.58980000000001
1217,1054484100.0,131.3298000000001
1218,1054485000.0,119.43260000000004
1219,1054485900.0,125.04800000000002
1220,1054486800.0,126.94429999999991
1221,1054487700.0,114.07199999999999
1222,1054488600.0,109.95109999999998
1223,1054489500.0,97.4316
1224,1054490400.0,74.90140000000001
1225,1054491300.0,71.72619999999999
1226,1054492200.0,65.7678
1227,1054493100.0,90.12079999999997
1228,1054494000.0,90.00320000000005
1229,1054494900.0,62.82780000000005
1230,1054495800.0,65.27780000000006
1231,1054496700.0,55.31120000000004
1232,1054497600.0,44.50180000000003
1233,1054498500.0,44.16860000000003
1234,1054499400.0,29.194200000000002
1235,1054500300.0,22.324399999999997
1236,1054501200.0,16.503200000000007
1237,1054502100.0,10.260600000000004
1238,1054503000.0,2.400999999999999
1239,1054503900.0,1.1465999999999996
1240,1054504800.0,0.9799999999999999
1241,1054505700.0,0.7153999999999998
1242,1054506600.0,0.5291999999999999
1243,1054507500.0,0.4801999999999999
1244,1054508400.0,0.5389999999999998
1245,1054509300.0,0.5389999999999999
1246,1054510200.0,0.5389999999999999
1247,1054511100.0,0.5389999999999999
1248,1054512000.0,0.5389999999999999
1249,1054512900.0,1.0387999999999995
1250,1054513800.0,1.1661999999999995
1251,1054514700.0,1.1073999999999995
1252,1054515600.0,2.1952000000000003
1253,1054516500.0,3.420200000000001
1254,1054517400.0,3.2536000000000014
1255,1054518300.0,2.0776000000000003
1256,1054519200.0,3.263400000000002
1257,1054520100.0,5.968200000000003
1258,1054521000.0,5.9780000000000015
1259,1054521900.0,8.2908
1260,1054522800.0,28.616000000000007
1261,1054523700.0,33.506200000000014
1262,1054524600.0,33.31019999999999
1263,1054525500.0,33.104399999999984
1264,1054526400.0,65.70899999999997
1265,1054527300.0,78.48819999999999
1266,1054528200.0,77.39059999999998
1267,1054529100.0,100.46960000000001
1268,1054530000.0,123.36239999999998
1269,1054530900.0,156.2953
1270,1054531800.0,166.15410000000003
1271,1054532700.0,165.1692000000001
1272,1054533600.0,169.19699999999997
1273,1054534500.0,201.16459999999998
1274,1054535400.0,225.79200000000003
1275,1054536300.0,235.05299999999997
1276,1054537200.0,254.01599999999996
1277,1054538100.0,255.95639999999986
1278,1054539000.0,247.03839999999994
1279,1054539900.0,241.79539999999997
1280,1054540800.0,272.78299999999996
1281,1054541700.0,270.9798000000001
1282,1054542600.0,356.4456000000001
1283,1054543500.0,333.0236000000001
1284,1054544400.0,317.0398
1285,1054545300.0,341.8534
1286,1054546200.0,367.67640000000006
1287,1054547100.0,356.9650000000001
1288,1054548000.0,345.60680000000013
1289,1054548900.0,337.9530000000002
1290,1054549800.0,328.34900000000016
1291,1054550700.0,327.6336000000002
1292,1054551600.0,320.19540000000006
1293,1054552500.0,307.5926000000001
1294,1054553400.0,309.19980000000004
1295,1054554300.0,305.07400000000007
1296,1054555200.0,303.93720000000013
1297,1054556100.0,304.78979999999996
1298,1054557000.0,302.7905999999999
1299,1054557900.0,309.4447999999999
1300,1054558800.0,280.0447999999999
1301,1054559700.0,258.17119999999994
1302,1054560600.0,254.15319999999986
1303,1054561500.0,212.07199999999986
1304,1054562400.0,197.8227999999999
1305,1054563300.0,212.28759999999988
1306,1054564200.0,202.0073999999999
1307,1054565100.0,177.20359999999997
1308,1054566000.0,152.95839999999998
1309,1054566900.0,136.20040000000003
1310,1054567800.0,126.83160000000002
1311,1054568700.0,114.0034
1312,1054569600.0,115.74780000000004
1313,1054570500.0,110.99480000000003
1314,1054571400.0,117.12960000000004
1315,1054572300.0,117.90380000000003
1316,1054573200.0,81.00189999999994
1317,1054574100.0,67.08589999999997
1318,1054575000.0,66.22349999999996
1319,1054575900.0,57.050699999999985
1320,1054576800.0,42.51730000000001
1321,1054577700.0,42.95830000000003
1322,1054578600.0,37.05870000000001
1323,1054579500.0,33.59440000000001
1324,1054580400.0,43.80599999999998
1325,1054581300.0,58.67260000000002
1326,1054582200.0,55.24260000000001
1327,1054583100.0,53.39039999999999
1328,1054584000.0,42.83580000000003
1329,1054584900.0,26.754
1330,1054585800.0,22.2558
1331,1054586700.0,18.120200000000008
1332,1054587600.0,15.180200000000006
1333,1054588500.0,10.917200000000005
1334,1054589400.0,3.518200000000001
1335,1054590300.0,1.4699999999999998
1336,1054591200.0,1.3719999999999997
1337,1054592100.0,1.3915999999999997
1338,1054593000.0,0.9897999999999999
1339,1054593900.0,0.9016
1340,1054594800.0,0.8329999999999999
1341,1054595700.0,0.8231999999999998
1342,1054596600.0,0.8231999999999998
1343,1054597500.0,0.8231999999999996
1344,1054598400.0,0.9603999999999999
1345,1054599300.0,1.2249999999999996
1346,1054600200.0,1.3817999999999995
1347,1054601100.0,1.4798
1348,1054602000.0,2.4010000000000007
1349,1054602900.0,2.3618
1350,1054603800.0,1.8914000000000004
1351,1054604700.0,2.0972000000000004
1352,1054605600.0,2.1952000000000003
1353,1054606500.0,3.038000000000001
1354,1054607400.0,4.116000000000002
1355,1054608300.0,6.703199999999998
1356,1054609200.0,17.786999999999992
1357,1054610100.0,19.747
1358,1054611000.0,20.1782
1359,1054611900.0,28.586599999999997
1360,1054612800.0,37.64670000000002
1361,1054613700.0,44.13920000000003
1362,1054614600.0,45.266200000000026
1363,1054615500.0,54.527199999999986
1364,1054616400.0,63.25899999999996
1365,1054617300.0,72.26519999999996
1366,1054618200.0,98.37239999999998
1367,1054619100.0,122.97039999999998
1368,1054620000.0,131.68259999999998
1369,1054620900.0,141.9432
1370,1054621800.0,159.6714
1371,1054622700.0,153.9286
1372,1054623600.0,173.81279999999998
1373,1054624500.0,176.05700000000004
1374,1054625400.0,172.8622
1375,1054626300.0,179.3694
1376,1054627200.0,198.3912
1377,1054628100.0,192.43280000000001
1378,1054629000.0,200.51780000000002
1379,1054629900.0,171.89199999999997
1380,1054630800.0,184.02439999999996
1381,1054631700.0,206.11360000000005
1382,1054632600.0,218.88300000000007
1383,1054633500.0,226.66420000000008
1384,1054634400.0,233.52420000000012
1385,1054635300.0,236.52300000000017
1386,1054636200.0,232.0346000000001
1387,1054637100.0,234.81780000000006
1388,1054638000.0,225.73320000000004
1389,1054638900.0,225.34120000000007
1390,1054639800.0,224.44940000000003
1391,1054640700.0,220.0296000000001
1392,1054641600.0,206.31940000000003
1393,1054642500.0,213.6106
1394,1054643400.0,196.1372
1395,1054644300.0,198.989
1396,1054645200.0,203.938
1397,1054646100.0,188.72840000000005
1398,1054647000.0,188.51280000000006
1399,1054647900.0,164.09120000000001
1400,1054648800.0,155.5946
1401,1054649700.0,157.9564
1402,1054650600.0,167.3644
1403,1054651500.0,149.84199999999998
1404,1054652400.0,163.8266
1405,1054653300.0,142.76640000000003
1406,1054654200.0,144.07960000000003
1407,1054655100.0,127.48819999999998
1408,1054656000.0,121.45139999999999
1409,1054656900.0,114.12100000000001
1410,1054657800.0,111.42599999999999
1411,1054658700.0,108.28020000000001
1412,1054659600.0,100.91059999999997
1413,1054660500.0,91.2576
1414,1054661400.0,73.53919999999998
1415,1054662300.0,67.0516
1416,1054663200.0,60.10340000000001
1417,1054664100.0,60.09360000000001
1418,1054665000.0,54.296899999999994
1419,1054665900.0,41.71860000000001
1420,1054666800.0,45.48179999999999
1421,1054667700.0,61.74980000000003
1422,1054668600.0,61.21080000000003
1423,1054669500.0,55.007400000000025
1424,1054670400.0,45.276000000000025
1425,1054671300.0,44.19800000000002
1426,1054672200.0,25.264400000000002
1427,1054673100.0,23.1868
1428,1054674000.0,15.454600000000003
1429,1054674900.0,11.123000000000006
1430,1054675800.0,5.517400000000002
1431,1054676700.0,1.969799999999999
1432,1054677600.0,1.2445999999999997
1433,1054678500.0,1.1857999999999995
1434,1054679400.0,0.9113999999999999
1435,1054680300.0,0.8133999999999998
1436,1054681200.0,0.8721999999999999
1437,1054682100.0,0.8329999999999997
1438,1054683000.0,0.8329999999999997
1439,1054683900.0,0.7741999999999998
1440,1054684800.0,0.8623999999999998
1441,1054685700.0,1.0387999999999995
1442,1054686600.0,1.1269999999999996
1443,1054687500.0,1.3229999999999997
1444,1054688400.0,3.194800000000001
1445,1054689300.0,2.724400000000001
1446,1054690200.0,3.2144000000000013
1447,1054691100.0,2.2834000000000003
1448,1054692000.0,2.616600000000001
1449,1054692900.0,4.135600000000003
1450,1054693800.0,5.713400000000003
1451,1054694700.0,7.7909999999999995
1452,1054695600.0,20.746600000000008
1453,1054696500.0,24.52940000000001
1454,1054697400.0,27.920200000000012
1455,1054698300.0,41.45400000000002
1456,1054699200.0,56.65379999999999
1457,1054700100.0,57.57990000000001
1458,1054701000.0,58.76569999999997
1459,1054701900.0,72.79929999999999
1460,1054702800.0,82.79039999999995
1461,1054703700.0,86.53399999999999
1462,1054704600.0,87.29349999999997
1463,1054705500.0,116.22799999999995
1464,1054706400.0,122.05899999999994
1465,1054707300.0,122.42159999999994
1466,1054708200.0,131.07499999999993
1467,1054709100.0,137.78799999999995
1468,1054710000.0,169.09900000000002
1469,1054710900.0,191.26660000000007
1470,1054711800.0,212.24839999999998
1471,1054712700.0,204.9179999999999
1472,1054713600.0,224.79239999999984
1473,1054714500.0,210.63139999999987
1474,1054715400.0,242.78519999999986
1475,1054716300.0,264.44319999999993
1476,1054717200.0,287.8652
1477,1054718100.0,312.1986
1478,1054719000.0,344.91100000000006
1479,1054719900.0,348.27240000000006
1480,1054720800.0,368.8916000000001
1481,1054721700.0,357.14140000000015
1482,1054722600.0,361.2084000000001
1483,1054723500.0,350.9380000000001
1484,1054724400.0,352.04540000000014
1485,1054725300.0,380.73000000000013
1486,1054726200.0,374.8598000000002
1487,1054727100.0,385.1988000000002
1488,1054728000.0,369.44040000000024
1489,1054728900.0,375.5164000000002
1490,1054729800.0,363.1194000000003
1491,1054730700.0,361.70820000000015
1492,1054731600.0,350.4480000000001
1493,1054732500.0,317.93159999999995
1494,1054733400.0,300.1936000000001
1495,1054734300.0,264.355
1496,1054735200.0,231.93660000000003
1497,1054736100.0,234.88640000000004
1498,1054737000.0,244.32379999999998
1499,1054737900.0,210.6902
1500,1054738800.0,198.44019999999998
1501,1054739700.0,169.17739999999998
1502,1054740600.0,163.69920000000002
1503,1054741500.0,132.84879999999998
1504,1054742400.0,131.2906
1505,1054743300.0,162.07240000000004
1506,1054744200.0,171.16680000000008
1507,1054745100.0,180.8590000000001
1508,1054746000.0,161.9548
1509,1054746900.0,135.4751999999999
1510,1054747800.0,121.02999999999994
1511,1054748700.0,115.49300000000005
1512,1054749600.0,92.4532
1513,1054750500.0,71.39299999999997
1514,1054751400.0,58.74119999999998
1515,1054752300.0,69.825
1516,1054753200.0,63.83719999999998
1517,1054754100.0,60.04460000000003
1518,1054755000.0,63.21979999999999
1519,1054755900.0,59.24100000000002
1520,1054756800.0,48.49040000000003
1521,1054757700.0,46.844000000000015
1522,1054758600.0,23.774799999999995
1523,1054759500.0,21.9128
1524,1054760400.0,16.83640000000001
1525,1054761300.0,13.582799999999999
1526,1054762200.0,6.2622
1527,1054763100.0,2.185399999999999
1528,1054764000.0,1.3719999999999999
1529,1054764900.0,1.2445999999999995
1530,1054765800.0,1.1563999999999997
1531,1054766700.0,0.9407999999999997
1532,1054767600.0,0.8329999999999999
1533,1054768500.0,0.8231999999999996
1534,1054769400.0,0.8035999999999998
1535,1054770300.0,0.9701999999999997
1536,1054857600.0,1.2543999999999995
1537,1054858500.0,1.4895999999999996
1538,1054859400.0,1.3033999999999997
1539,1054860300.0,1.3817999999999997
1540,1054861200.0,2.8126000000000007
1541,1054862100.0,1.1956
1542,1054863000.0,1.8816
1543,1054863900.0,2.4206000000000008
1544,1054864800.0,2.5186000000000006
1545,1054865700.0,4.145400000000002
1546,1054866600.0,8.231999999999996
1547,1054867500.0,11.779599999999993
1548,1054868400.0,20.56039999999999
1549,1054869300.0,23.715999999999998
1550,1054870200.0,28.655199999999994
1551,1054871100.0,42.45360000000001
1552,1054872000.0,43.316000000000024
1553,1054872900.0,50.225000000000016
1554,1054873800.0,55.24259999999998
1555,1054874700.0,64.56729999999999
1556,1054875600.0,68.06099999999996
1557,1054876500.0,75.20519999999998
1558,1054877400.0,91.0812
1559,1054878300.0,124.81279999999991
1560,1054879200.0,120.55959999999996
1561,1054880100.0,119.75599999999994
1562,1054881000.0,115.51259999999998
1563,1054881900.0,118.27619999999993
1564,1054882800.0,136.71
1565,1054883700.0,162.58200000000014
1566,1054884600.0,180.7512000000001
1567,1054885500.0,176.89000000000007
1568,1054886400.0,179.06560000000005
1569,1054887300.0,174.3910000000001
1570,1054888200.0,171.87240000000008
1571,1054889100.0,190.70800000000003
1572,1054890000.0,195.35320000000004
1573,1054890900.0,208.85760000000005
1574,1054891800.0,213.787
1575,1054892700.0,231.95620000000002
1576,1054893600.0,215.01199999999997
1577,1054894500.0,223.90060000000003
1578,1054895400.0,220.64700000000005
1579,1054896300.0,230.3784
1580,1054897200.0,222.06800000000004
1581,1054898100.0,220.2354
1582,1054899000.0,233.485
1583,1054899900.0,229.3592
1584,1054900800.0,230.29019999999997
1585,1054901700.0,218.95159999999998
1586,1054902600.0,213.12060000000002
1587,1054903500.0,231.72100000000003
1588,1054904400.0,200.5373999999999
1589,1054905300.0,200.7725999999999
1590,1054906200.0,182.11339999999996
1591,1054907100.0,179.49679999999998
1592,1054908000.0,154.2716
1593,1054908900.0,165.54160000000005
1594,1054909800.0,158.12300000000002
1595,1054910700.0,155.27120000000005
1596,1054911600.0,175.89040000000006
1597,1054912500.0,150.19480000000007
1598,1054913400.0,127.98800000000003
1599,1054914300.0,124.72460000000002
1600,1054915200.0,121.35340000000001
1601,1054916100.0,118.11939999999998
1602,1054917000.0,116.43379999999996
1603,1054917900.0,146.63739999999996
1604,1054918800.0,116.17899999999996
1605,1054919700.0,135.80839999999995
1606,1054920600.0,120.54979999999995
1607,1054921500.0,119.04059999999994
1608,1054922400.0,113.90539999999997
1609,1054923300.0,108.4272
1610,1054924200.0,107.33939999999997
1611,1054925100.0,101.9788
1612,1054926000.0,112.60199999999995
1613,1054926900.0,107.88819999999998
1614,1054927800.0,89.5034
1615,1054928700.0,79.84059999999998
1616,1054929600.0,51.55780000000002
1617,1054930500.0,45.90320000000003
1618,1054931400.0,45.43280000000002
1619,1054932300.0,24.058999999999997
1620,1054933200.0,21.226800000000004
1621,1054934100.0,16.9736
1622,1054935000.0,9.349200000000005
1623,1054935900.0,2.6362
1624,1054936800.0,1.3719999999999999
1625,1054937700.0,1.5288
1626,1054938600.0,1.2249999999999996
1627,1054939500.0,0.9603999999999999
1628,1054940400.0,0.9211999999999999
1629,1054941300.0,0.9407999999999997
1630,1054942200.0,0.9211999999999999
1631,1054943100.0,0.8231999999999998
1632,1055116800.0,1.2445999999999997
1633,1055117700.0,1.5483999999999998
1634,1055118600.0,1.7052
1635,1055119500.0,3.7436000000000007
1636,1055120400.0,5.468400000000003
1637,1055121300.0,2.851800000000001
1638,1055122200.0,3.547600000000001
1639,1055123100.0,3.714200000000001
1640,1055124000.0,5.772200000000002
1641,1055124900.0,8.673000000000004
1642,1055125800.0,12.13240000000001
1643,1055126700.0,20.697599999999998
1644,1055127600.0,22.814399999999992
1645,1055128500.0,27.969199999999987
1646,1055129400.0,49.764400000000045
1647,1055130300.0,62.65140000000003
1648,1055131200.0,96.97100000000006
1649,1055132100.0,113.44480000000004
1650,1055133000.0,136.9354
1651,1055133900.0,160.03399999999996
1652,1055134800.0,177.0761999999999
1653,1055135700.0,239.855
1654,1055136600.0,243.6378
1655,1055137500.0,312.8747999999998
1656,1055138400.0,360.88499999999993
1657,1055139300.0,399.04619999999994
1658,1055140200.0,453.36760000000004
1659,1055141100.0,512.1284
1660,1055142000.0,546.7028000000001
1661,1055142900.0,561.8340000000003
1662,1055143800.0,594.5268000000001
1663,1055144700.0,670.7805999999997
1664,1055145600.0,665.0377999999996
1665,1055146500.0,680.5805999999997
1666,1055147400.0,706.2369999999999
1667,1055148300.0,757.7360000000001
1668,1055149200.0,793.8980000000004
1669,1055150100.0,798.4060000000002
1670,1055151000.0,797.0340000000001
1671,1055151900.0,703.2480000000003
1672,1055152800.0,827.3159999999999
1673,1055153700.0,849.66
1674,1055154600.0,850.5420000000001
1675,1055155500.0,850.0520000000006
1676,1055156400.0,852.6000000000003
1677,1055157300.0,853.972
1678,1055158200.0,847.0140000000001
1679,1055159100.0,844.564
1680,1055160000.0,813.988
1681,1055160900.0,814.2819999999999
1682,1055161800.0,802.8159999999999
1683,1055162700.0,771.1620000000003
1684,1055163600.0,768.3199999999998
1685,1055164500.0,762.342
1686,1055165400.0,746.6619999999997
1687,1055166300.0,727.65
1688,1055167200.0,597.5647999999999
1689,1055168100.0,608.1390000000001
1690,1055169000.0,596.9278000000004
1691,1055169900.0,593.3802000000003
1692,1055170800.0,554.4154
1693,1055171700.0,536.4029999999999
1694,1055172600.0,466.61719999999985
1695,1055173500.0,426.4568
1696,1055174400.0,408.3758000000001
1697,1055175300.0,396.23360000000014
1698,1055176200.0,344.6855999999999
1699,1055177100.0,319.2937999999998
1700,1055178000.0,327.94720000000024
1701,1055178900.0,331.6320000000003
1702,1055179800.0,300.0368000000001
1703,1055180700.0,198.8910000000001
1704,1055181600.0,153.26219999999998
1705,1055182500.0,162.70940000000002
1706,1055183400.0,166.9233999999999
1707,1055184300.0,134.61280000000005
1708,1055185200.0,114.31700000000001
1709,1055186100.0,107.30999999999999
1710,1055187000.0,94.45239999999998
1711,1055187900.0,92.26700000000001
1712,1055188800.0,63.63140000000002
1713,1055189700.0,52.38100000000002
1714,1055190600.0,52.0674
1715,1055191500.0,24.0002
1716,1055192400.0,21.217000000000002
1717,1055193300.0,17.806600000000003
1718,1055194200.0,11.642400000000004
1719,1055195100.0,5.5958000000000006
1720,1055196000.0,2.508799999999999
1721,1055196900.0,1.3425999999999996
1722,1055197800.0,1.4503999999999992
1723,1055198700.0,1.2445999999999997
1724,1055199600.0,1.2641999999999998
1725,1055200500.0,1.2641999999999995
1726,1055201400.0,1.2445999999999997
1727,1055202300.0,1.2249999999999996
1728,1055289600.0,1.2641999999999995
1729,1055290500.0,1.1171999999999997
1730,1055291400.0,2.1462
1731,1055292300.0,5.625200000000003
1732,1055293200.0,4.949
1733,1055294100.0,2.1854
1734,1055295000.0,3.459400000000002
1735,1055295900.0,7.5753999999999975
1736,1055296800.0,8.1928
1737,1055297700.0,10.260599999999997
1738,1055298600.0,14.484400000000004
1739,1055299500.0,30.04680000000001
1740,1055300400.0,29.517600000000012
1741,1055301300.0,30.28199999999999
1742,1055302200.0,36.73039999999999
1743,1055303100.0,70.34440000000002
1744,1055304000.0,95.65780000000001
1745,1055304900.0,103.50759999999998
1746,1055305800.0,124.27380000000001
1747,1055306700.0,147.87219999999996
1748,1055307600.0,163.2483999999999
1749,1055308500.0,186.7978
1750,1055309400.0,231.30940000000007
1751,1055310300.0,289.25679999999994
1752,1055311200.0,309.8368
1753,1055312100.0,311.71840000000003
1754,1055313000.0,351.7709999999999
1755,1055313900.0,377.2313999999999
1756,1055314800.0,446.73299999999995
1757,1055315700.0,475.8586000000001
1758,1055316600.0,487.1187999999999
1759,1055317500.0,535.3740000000001
1760,1055318400.0,531.6696000000003
1761,1055319300.0,552.8474000000001
1762,1055320200.0,555.4443999999999
1763,1055321100.0,619.8499999999998
1764,1055322000.0,661.0394000000001
1765,1055322900.0,676.3274
1766,1055323800.0,632.7565999999997
1767,1055324700.0,658.4326
1768,1055325600.0,659.3146
1769,1055326500.0,714.0965999999997
1770,1055327400.0,685.0886
1771,1055328300.0,687.5385999999997
1772,1055329200.0,594.6345999999999
1773,1055330100.0,524.0648
1774,1055331000.0,475.4568
1775,1055331900.0,448.8988000000001
1776,1055332800.0,450.2708
1777,1055333700.0,350.9674000000002
1778,1055334600.0,314.4918000000001
1779,1055335500.0,286.3462000000001
1780,1055336400.0,268.0790000000001
1781,1055337300.0,273.81200000000007
1782,1055338200.0,256.0250000000001
1783,1055339100.0,271.6756000000001
1784,1055340000.0,241.63859999999997
1785,1055340900.0,230.51559999999995
1786,1055341800.0,227.29140000000004
1787,1055342700.0,217.1974000000001
1788,1055343600.0,215.97240000000005
1789,1055344500.0,233.81820000000008
1790,1055345400.0,250.02740000000009
1791,1055346300.0,218.29500000000007
1792,1055347200.0,240.79580000000004
1793,1055348100.0,226.72299999999993
1794,1055349000.0,200.88039999999992
1795,1055349900.0,170.96099999999987
1796,1055350800.0,144.84399999999994
1797,1055351700.0,117.46279999999996
1798,1055352600.0,98.8232
1799,1055353500.0,95.90280000000001
1800,1055354400.0,71.67720000000003
1801,1055355300.0,57.52600000000003
1802,1055356200.0,56.565600000000025
1803,1055357100.0,47.17720000000001
1804,1055358000.0,54.537
1805,1055358900.0,65.1602
1806,1055359800.0,65.54239999999999
1807,1055360700.0,66.248
1808,1055361600.0,59.47620000000002
1809,1055362500.0,49.519400000000026
1810,1055363400.0,48.79420000000002
1811,1055364300.0,25.078200000000002
1812,1055365200.0,21.315000000000005
1813,1055366100.0,17.571400000000004
1814,1055367000.0,13.504400000000002
1815,1055367900.0,8.349599999999999
1816,1055368800.0,2.4695999999999994
1817,1055369700.0,1.5679999999999996
1818,1055370600.0,1.3915999999999997
1819,1055371500.0,1.4601999999999993
1820,1055372400.0,1.2739999999999998
1821,1055373300.0,1.2739999999999998
1822,1055374200.0,1.1759999999999995
1823,1055375100.0,1.1759999999999995
1824,1055462400.0,1.6855999999999998
1825,1055463300.0,1.4307999999999996
1826,1055464200.0,1.6953999999999996
1827,1055465100.0,4.5276000000000005
1828,1055466000.0,3.0870000000000006
1829,1055466900.0,1.6758000000000002
1830,1055467800.0,2.4794000000000005
1831,1055468700.0,3.959200000000002
1832,1055469600.0,5.194000000000002
1833,1055470500.0,7.722399999999999
1834,1055471400.0,8.771
1835,1055472300.0,20.315400000000004
1836,1055473200.0,22.3636
1837,1055474100.0,32.57520000000001
1838,1055475000.0,40.29760000000001
1839,1055475900.0,52.322200000000024
1840,1055476800.0,64.68979999999999
1841,1055477700.0,75.411
1842,1055478600.0,77.94919999999999
1843,1055479500.0,140.02240000000003
1844,1055480400.0,180.3298000000001
1845,1055481300.0,184.83780000000002
1846,1055482200.0,177.429
1847,1055483100.0,231.0742
1848,1055484000.0,262.07160000000016
1849,1055484900.0,286.6402
1850,1055485800.0,387.198
1851,1055486700.0,432.42499999999995
1852,1055487600.0,469.1750000000001
1853,1055488500.0,497.7714000000003
1854,1055489400.0,527.583
1855,1055490300.0,538.0591999999999
1856,1055491200.0,546.007
1857,1055492100.0,559.7367999999996
1858,1055493000.0,555.0915999999999
1859,1055493900.0,479.9844000000001
1860,1055494800.0,498.8592
1861,1055495700.0,535.0016
1862,1055496600.0,594.7423999999999
1863,1055497500.0,624.1815999999998
1864,1055498400.0,633.1387999999998
1865,1055499300.0,593.0568
1866,1055500200.0,648.1719999999999
1867,1055501100.0,685.5099999999999
1868,1055502000.0,774.3960000000001
1869,1055502900.0,785.7639999999998
1870,1055503800.0,814.0859999999999
1871,1055504700.0,835.352
1872,1055505600.0,808.4020000000003
1873,1055506500.0,807.716
1874,1055507400.0,803.6000000000001
1875,1055508300.0,764.5960000000005
1876,1055509200.0,752.1500000000004
1877,1055510100.0,747.6420000000002
1878,1055511000.0,732.0207999999998
1879,1055511900.0,726.5327999999997
1880,1055512800.0,655.3946000000002
1881,1055513700.0,634.2363999999999
1882,1055514600.0,608.8543999999999
1883,1055515500.0,607.1002
1884,1055516400.0,562.0201999999997
1885,1055517300.0,564.8523999999998
1886,1055518200.0,532.5516000000001
1887,1055519100.0,447.06620000000004
1888,1055520000.0,390.5790000000002
1889,1055520900.0,393.39159999999987
1890,1055521800.0,381.1318
1891,1055522700.0,334.22899999999987
1892,1055523600.0,319.35260000000005
1893,1055524500.0,322.63560000000024
1894,1055525400.0,304.9074000000003
1895,1055526300.0,239.36500000000004
1896,1055527200.0,161.05320000000003
1897,1055528100.0,160.93560000000002
1898,1055529000.0,169.7261999999999
1899,1055529900.0,152.86040000000003
1900,1055530800.0,112.66080000000005
1901,1055531700.0,113.8858
1902,1055532600.0,95.09919999999998
1903,1055533500.0,92.62960000000001
1904,1055534400.0,67.4828
1905,1055535300.0,50.86200000000004
1906,1055536200.0,50.28380000000002
1907,1055537100.0,47.93180000000003
1908,1055538000.0,22.441999999999997
1909,1055538900.0,19.413800000000005
1910,1055539800.0,15.533000000000007
1911,1055540700.0,7.6538
1912,1055541600.0,4.204200000000003
1913,1055542500.0,1.6855999999999995
1914,1055543400.0,1.3523999999999996
1915,1055544300.0,1.4601999999999993
1916,1055545200.0,1.2445999999999997
1917,1055546100.0,1.1661999999999997
1918,1055547000.0,1.1073999999999997
1919,1055547900.0,1.3719999999999997
1920,1055548800.0,1.5777999999999996
1921,1055549700.0,1.7639999999999998
1922,1055550600.0,2.3716000000000004
1923,1055551500.0,5.811400000000001
1924,1055552400.0,4.263000000000001
1925,1055553300.0,3.6554
1926,1055554200.0,2.1952000000000007
1927,1055555100.0,4.919600000000003
1928,1055556000.0,9.878400000000001
1929,1055556900.0,14.102200000000005
1930,1055557800.0,16.121000000000006
1931,1055558700.0,24.421600000000012
1932,1055559600.0,25.11740000000001
1933,1055560500.0,42.532
1934,1055561400.0,50.16619999999999
1935,1055562300.0,77.88059999999999
1936,1055563200.0,101.21440000000005
1937,1055564100.0,114.54240000000003
1938,1055565000.0,136.4552
1939,1055565900.0,159.97519999999994
1940,1055566800.0,186.89579999999995
1941,1055567700.0,236.52299999999997
1942,1055568600.0,256.53460000000007
1943,1055569500.0,267.21659999999997
1944,1055570400.0,306.7595999999999
1945,1055571300.0,347.0375999999999
1946,1055572200.0,391.0200000000001
1947,1055573100.0,445.4982000000002
1948,1055574000.0,510.7368000000003
1949,1055574900.0,572.0652000000002
1950,1055575800.0,586.7358000000003
1951,1055576700.0,631.6982000000003
1952,1055577600.0,644.6341999999999
1953,1055578500.0,653.4051999999999
1954,1055579400.0,665.7923999999999
1955,1055580300.0,753.4925999999998
1956,1055581200.0,780.2760000000003
1957,1055582100.0,776.454
1958,1055583000.0,788.4099999999999
1959,1055583900.0,757.9319999999997
1960,1055584800.0,849.2679999999995
1961,1055585700.0,853.5799999999996
1962,1055586600.0,851.3259999999995
1963,1055587500.0,857.4999999999994
1964,1055588400.0,854.4619999999995
1965,1055589300.0,843.9759999999993
1966,1055590200.0,842.3099999999994
1967,1055591100.0,852.9919999999997
1968,1055592000.0,831.922
1969,1055592900.0,814.8699999999999
1970,1055593800.0,804.9719999999999
1971,1055594700.0,773.9060000000002
1972,1055595600.0,759.3040000000002
1973,1055596500.0,755.58
1974,1055597400.0,738.7239999999998
1975,1055598300.0,722.2207999999998
1976,1055599200.0,634.9910000000001
1977,1055600100.0,612.7156000000002
1978,1055601000.0,577.9060000000002
1979,1055601900.0,579.1800000000001
1980,1055602800.0,539.4115999999999
1981,1055603700.0,530.3172
1982,1055604600.0,507.25779999999986
1983,1055605500.0,460.6685999999998
1984,1055606400.0,384.5617999999998
1985,1055607300.0,392.9603999999999
1986,1055608200.0,375.9476
1987,1055609100.0,342.8921999999998
1988,1055610000.0,320.7638000000002
1989,1055610900.0,323.62540000000035
1990,1055611800.0,308.1512000000002
1991,1055612700.0,247.0188
1992,1055613600.0,159.99480000000003
1993,1055614500.0,162.48399999999998
1994,1055615400.0,165.6395999999999
1995,1055616300.0,156.62359999999993
1996,1055617200.0,113.57220000000002
1997,1055618100.0,110.36759999999998
1998,1055619000.0,93.67819999999996
1999,1055619900.0,92.2572
2000,1055620800.0,67.77679999999998
2001,1055621700.0,53.802000000000035
2002,1055622600.0,50.75420000000001
2003,1055623500.0,48.255200000000016
2004,1055624400.0,27.547800000000002
2005,1055625300.0,20.589800000000004
2006,1055626200.0,16.807000000000002
2007,1055627100.0,11.044600000000004
2008,1055628000.0,4.067000000000003
2009,1055628900.0,2.5969999999999995
2010,1055629800.0,1.4895999999999996
2011,1055630700.0,1.5875999999999992
2012,1055631600.0,1.6757999999999995
2013,1055632500.0,1.4601999999999995
2014,1055633400.0,1.5679999999999998
2015,1055634300.0,1.6463999999999999
2016,1055894400.0,1.0779999999999996
2017,1055895300.0,1.9894
2018,1055896200.0,2.9596
2019,1055897100.0,5.468400000000002
2020,1055898000.0,2.6264
2021,1055898900.0,2.2932000000000006
2022,1055899800.0,2.9792000000000005
2023,1055900700.0,9.0846
2024,1055901600.0,8.682799999999999
2025,1055902500.0,11.946200000000001
2026,1055903400.0,14.896000000000008
2027,1055904300.0,21.050399999999996
2028,1055905200.0,21.38359999999999
2029,1055906100.0,35.887599999999985
2030,1055907000.0,47.020399999999974
2031,1055907900.0,78.83119999999997
2032,1055908800.0,100.87140000000004
2033,1055909700.0,116.74740000000006
2034,1055910600.0,138.50340000000003
2035,1055911500.0,158.63259999999994
2036,1055912400.0,182.09379999999993
2037,1055913300.0,217.91279999999998
2038,1055914200.0,244.58840000000004
2039,1055915100.0,236.59160000000003
2040,1055916000.0,266.78540000000004
2041,1055916900.0,347.38059999999996
2042,1055917800.0,400.40840000000003
2043,1055918700.0,405.38680000000005
2044,1055919600.0,519.9782000000002
2045,1055920500.0,559.2076000000001
2046,1055921400.0,570.7226
2047,1055922300.0,654.5322000000001
2048,1055923200.0,687.3818000000003
2049,1055924100.0,682.7366000000005
2050,1055925000.0,694.7317999999999
2051,1055925900.0,736.4307999999997
2052,1055926800.0,729.3159999999998
2053,1055927700.0,743.2319999999999
2054,1055928600.0,743.8199999999998
2055,1055929500.0,773.6120000000001
2056,1055930400.0,837.5080000000005
2057,1055931300.0,834.9600000000007
2058,1055932200.0,836.5280000000009
2059,1055933100.0,835.352000000001
2060,1055934000.0,808.0100000000004
2061,1055934900.0,594.5365999999998
2062,1055935800.0,594.3405999999999
2063,1055936700.0,558.6685999999997
2064,1055937600.0,495.44880000000006
2065,1055938500.0,520.6348000000002
2066,1055939400.0,482.51280000000037
2067,1055940300.0,601.6808000000003
2068,1055941200.0,646.8685999999998
2069,1055942100.0,659.7163999999998
2070,1055943000.0,654.0519999999997
2071,1055943900.0,596.6044
2072,1055944800.0,518.3611999999998
2073,1055945700.0,465.2256000000001
2074,1055946600.0,383.2682000000001
2075,1055947500.0,363.1193999999999
2076,1055948400.0,337.3062000000001
2077,1055949300.0,383.2583999999999
2078,1055950200.0,337.01219999999995
2079,1055951100.0,314.3448
2080,1055952000.0,279.35880000000014
2081,1055952900.0,268.7846000000002
2082,1055953800.0,252.19320000000008
2083,1055954700.0,230.40779999999998
2084,1055955600.0,196.47040000000004
2085,1055956500.0,189.00280000000006
2086,1055957400.0,144.16780000000006
2087,1055958300.0,107.73139999999995
2088,1055959200.0,150.5378000000001
2089,1055960100.0,132.68220000000002
2090,1055961000.0,110.01479999999997
2091,1055961900.0,90.80679999999997
2092,1055962800.0,106.85920000000002
2093,1055963700.0,88.94479999999997
2094,1055964600.0,79.1252
2095,1055965500.0,70.85400000000001
2096,1055966400.0,64.01360000000003
2097,1055967300.0,50.26420000000003
2098,1055968200.0,48.314000000000014
2099,1055969100.0,47.147800000000004
2100,1055970000.0,25.254600000000003
2101,1055970900.0,19.825400000000005
2102,1055971800.0,16.76780000000001
2103,1055972700.0,10.348800000000008
2104,1055973600.0,5.370400000000002
2105,1055974500.0,2.351999999999999
2106,1055975400.0,1.5777999999999994
2107,1055976300.0,1.5091999999999997
2108,1055977200.0,1.4601999999999995
2109,1055978100.0,1.4503999999999997
2110,1055979000.0,1.4013999999999995
2111,1055979900.0,1.3621999999999996
2112,1055980800.0,1.3425999999999996
2113,1055981700.0,1.6757999999999997
2114,1055982600.0,2.7636000000000003
2115,1055983500.0,3.3810000000000002
2116,1055984400.0,1.8914000000000006
2117,1055985300.0,1.6856000000000007
2118,1055986200.0,2.8812
2119,1055987100.0,3.6652000000000022
2120,1055988000.0,4.615800000000003
2121,1055988900.0,8.4378
2122,1055989800.0,8.182999999999998
2123,1055990700.0,21.0308
2124,1055991600.0,23.76499999999999
2125,1055992500.0,32.242000000000004
2126,1055993400.0,35.133
2127,1055994300.0,49.196
2128,1055995200.0,61.1373
2129,1055996100.0,61.3921
2130,1055997000.0,62.587700000000005
2131,1055997900.0,85.5834
2132,1055998800.0,96.86319999999999
2133,1055999700.0,128.429
2134,1056000600.0,135.2105999999999
2135,1056001500.0,159.10299999999995
2136,1056002400.0,163.57179999999994
2137,1056003300.0,165.19859999999994
2138,1056004200.0,156.51579999999998
2139,1056005100.0,174.82219999999995
2140,1056006000.0,234.9158
2141,1056006900.0,237.29719999999998
2142,1056007800.0,261.9246000000001
2143,1056008700.0,301.08540000000016
2144,1056009600.0,288.16900000000015
2145,1056010500.0,284.2098000000001
2146,1056011400.0,262.53220000000005
2147,1056012300.0,286.45399999999995
2148,1056013200.0,308.37660000000005
2149,1056014100.0,266.53060000000005
2150,1056015000.0,246.16620000000006
2151,1056015900.0,229.47680000000003
2152,1056016800.0,234.71980000000002
2153,1056017700.0,265.70739999999995
2154,1056018600.0,287.8553999999999
2155,1056019500.0,309.1116
2156,1056020400.0,346.36140000000006
2157,1056021300.0,502.6028
2158,1056022200.0,515.3428000000002
2159,1056023100.0,544.2626
2160,1056024000.0,536.2070000000002
2161,1056024900.0,550.1230000000003
2162,1056025800.0,575.0150000000001
2163,1056026700.0,606.8649999999999
2164,1056027600.0,647.2605999999997
2165,1056028500.0,681.8447999999999
2166,1056029400.0,637.8917999999999
2167,1056030300.0,618.5269999999999
2168,1056031200.0,592.8804
2169,1056032100.0,561.5693999999999
2170,1056033000.0,552.9649999999999
2171,1056033900.0,532.8946
2172,1056034800.0,508.8062000000002
2173,1056035700.0,506.36600000000004
2174,1056036600.0,465.6862000000001
2175,1056037500.0,379.5344000000001
2176,1056038400.0,352.6922
2177,1056039300.0,360.4145999999999
2178,1056040200.0,334.69939999999986
2179,1056041100.0,298.08659999999986
2180,1056042000.0,286.1306000000001
2181,1056042900.0,322.7924000000003
2182,1056043800.0,312.88460000000026
2183,1056044700.0,262.87520000000006
2184,1056045600.0,148.64640000000006
2185,1056046500.0,156.52560000000008
2186,1056047400.0,160.2692
2187,1056048300.0,156.34919999999997
2188,1056049200.0,112.40600000000008
2189,1056050100.0,110.09320000000005
2190,1056051000.0,98.19599999999998
2191,1056051900.0,90.748
2192,1056052800.0,67.67880000000002
2193,1056053700.0,51.87140000000003
2194,1056054600.0,48.843199999999996
2195,1056055500.0,47.539800000000014
2196,1056056400.0,45.7072
2197,1056057300.0,21.060200000000005
2198,1056058200.0,16.591400000000004
2199,1056059100.0,10.936800000000003
2200,1056060000.0,5.096000000000001
2201,1056060900.0,3.0673999999999997
2202,1056061800.0,1.9795999999999998
2203,1056062700.0,1.7639999999999996
2204,1056063600.0,1.8129999999999995
2205,1056064500.0,1.3622
2206,1056065400.0,1.4895999999999998
2207,1056066300.0,1.2053999999999996
2208,1056240000.0,1.3621999999999996
2209,1056240900.0,2.2736
2210,1056241800.0,3.341800000000002
2211,1056242700.0,3.616200000000001
2212,1056243600.0,1.3230000000000002
2213,1056244500.0,1.4014000000000002
2214,1056245400.0,1.6072
2215,1056246300.0,1.4112
2216,1056247200.0,3.332000000000001
2217,1056248100.0,4.233600000000002
2218,1056249000.0,7.1638
2219,1056249900.0,23.8042
2220,1056250800.0,23.372999999999994
2221,1056251700.0,25.91119999999999
2222,1056252600.0,26.31299999999999
2223,1056253500.0,44.492
2224,1056254400.0,47.961200000000005
2225,1056255300.0,43.266999999999996
2226,1056256200.0,40.60139999999999
2227,1056257100.0,55.957999999999984
2228,1056258000.0,55.7228
2229,1056258900.0,62.08299999999999
2230,1056259800.0,61.3872
2231,1056260700.0,79.27219999999996
2232,1056261600.0,87.60219999999994
2233,1056262500.0,89.30739999999996
2234,1056263400.0,94.03099999999999
2235,1056264300.0,107.7412
2236,1056265200.0,112.0336
2237,1056266100.0,125.70459999999994
2238,1056267000.0,158.70119999999994
2239,1056267900.0,197.95020000000005
2240,1056268800.0,215.94300000000007
2241,1056269700.0,230.57440000000017
2242,1056270600.0,233.57320000000016
2243,1056271500.0,242.6186000000002
2244,1056272400.0,245.45080000000019
2245,1056273300.0,214.45340000000007
2246,1056274200.0,227.54620000000006
2247,1056275100.0,232.86760000000007
2248,1056276000.0,241.02120000000005
2249,1056276900.0,233.7692
2250,1056277800.0,226.77200000000002
2251,1056278700.0,245.75459999999995
2252,1056279600.0,249.28260000000003
2253,1056280500.0,249.7628
2254,1056281400.0,239.83540000000002
2255,1056282300.0,244.50020000000004
2256,1056283200.0,234.8766
2257,1056284100.0,233.2204
2258,1056285000.0,238.56139999999994
2259,1056285900.0,237.85579999999993
2260,1056286800.0,222.78339999999997
2261,1056287700.0,248.9788
2262,1056288600.0,249.23359999999997
2263,1056289500.0,264.56080000000003
2264,1056290400.0,277.27139999999997
2265,1056291300.0,330.1032000000001
2266,1056292200.0,364.6776000000001
2267,1056293100.0,370.81240000000014
2268,1056294000.0,371.50820000000004
2269,1056294900.0,392.0392000000002
2270,1056295800.0,432.73860000000025
2271,1056296700.0,386.4434000000001
2272,1056297600.0,293.16700000000014
2273,1056298500.0,292.1674000000001
2274,1056299400.0,271.31300000000005
2275,1056300300.0,226.27220000000005
2276,1056301200.0,155.79059999999998
2277,1056302100.0,144.31479999999993
2278,1056303000.0,119.98139999999998
2279,1056303900.0,113.75839999999997
2280,1056304800.0,145.96120000000013
2281,1056305700.0,155.43780000000018
2282,1056306600.0,149.3324000000001
2283,1056307500.0,114.47379999999997
2284,1056308400.0,109.69140000000004
2285,1056309300.0,118.0802
2286,1056310200.0,98.7154
2287,1056311100.0,74.04880000000001
2288,1056312000.0,64.02340000000002
2289,1056312900.0,54.419400000000024
2290,1056313800.0,51.65580000000003
2291,1056314700.0,38.54340000000001
2292,1056315600.0,22.70660000000001
2293,1056316500.0,20.168400000000005
2294,1056317400.0,14.935200000000002
2295,1056318300.0,10.995600000000008
2296,1056319200.0,6.997200000000003
2297,1056320100.0,2.302999999999999
2298,1056321000.0,1.666
2299,1056321900.0,1.3523999999999998
2300,1056322800.0,1.3523999999999996
2301,1056323700.0,1.3425999999999996
2302,1056324600.0,1.3327999999999998
2303,1056325500.0,1.3131999999999997
2304,1056585600.0,1.3033999999999994
2305,1056586500.0,1.3915999999999997
2306,1056587400.0,1.6463999999999999
2307,1056588300.0,4.3904000000000005
2308,1056589200.0,2.9498
2309,1056590100.0,2.45
2310,1056591000.0,1.5974000000000002
2311,1056591900.0,4.625600000000002
2312,1056592800.0,9.5354
2313,1056593700.0,12.661600000000004
2314,1056594600.0,14.739200000000006
2315,1056595500.0,23.275000000000006
2316,1056596400.0,25.548600000000008
2317,1056597300.0,36.3776
2318,1056598200.0,52.665199999999984
2319,1056599100.0,71.61840000000002
2320,1056600000.0,92.66880000000005
2321,1056600900.0,124.6462
2322,1056601800.0,140.49280000000002
2323,1056602700.0,160.27899999999997
2324,1056603600.0,199.23399999999998
2325,1056604500.0,235.85660000000004
2326,1056605400.0,256.60320000000013
2327,1056606300.0,298.4786
2328,1056607200.0,356.2593999999998
2329,1056608100.0,385.4535999999999
2330,1056609000.0,424.7026
2331,1056609900.0,466.9602000000002
2332,1056610800.0,519.7626000000004
2333,1056611700.0,538.2552000000003
2334,1056612600.0,551.2500000000001
2335,1056613500.0,596.8788000000001
2336,1056614400.0,663.9794000000002
2337,1056615300.0,651.7294
2338,1056616200.0,667.3114
2339,1056617100.0,702.7873999999997
2340,1056618000.0,755.286
2341,1056618900.0,748.7200000000001
2342,1056619800.0,742.0559999999998
2343,1056620700.0,683.2560000000001
2344,1056621600.0,832.8039999999996
2345,1056622500.0,837.3119999999997
2346,1056623400.0,835.5479999999999
2347,1056624300.0,838.2920000000003
2348,1056625200.0,833.8820000000001
2349,1056626100.0,808.4020000000002
2350,1056627000.0,798.4060000000001
2351,1056627900.0,805.658
2352,1056628800.0,781.1580000000001
2353,1056629700.0,772.1420000000003
2354,1056630600.0,780.1780000000002
2355,1056631500.0,564.0977999999999
2356,1056632400.0,622.2509999999997
2357,1056633300.0,628.3955999999998
2358,1056634200.0,532.4438
2359,1056635100.0,499.0552
2360,1056636000.0,490.63699999999994
2361,1056636900.0,490.34300000000025
2362,1056637800.0,489.0298000000001
2363,1056638700.0,436.6684000000002
2364,1056639600.0,381.49440000000004
2365,1056640500.0,334.74839999999995
2366,1056641400.0,301.6439999999999
2367,1056642300.0,307.14180000000005
2368,1056643200.0,301.3598000000001
2369,1056644100.0,305.69140000000004
2370,1056645000.0,301.75180000000006
2371,1056645900.0,291.55980000000005
2372,1056646800.0,284.3862
2373,1056647700.0,310.2288000000001
2374,1056648600.0,269.9018000000001
2375,1056649500.0,239.62959999999998
2376,1056650400.0,136.96480000000005
2377,1056651300.0,158.52480000000008
2378,1056652200.0,159.74
2379,1056653100.0,156.3982
2380,1056654000.0,112.83720000000007
2381,1056654900.0,108.40760000000004
2382,1056655800.0,99.16619999999998
2383,1056656700.0,87.2788
2384,1056657600.0,67.40440000000001
2385,1056658500.0,53.82160000000002
2386,1056659400.0,48.83339999999999
2387,1056660300.0,47.500600000000006
2388,1056661200.0,26.420800000000003
2389,1056662100.0,19.110000000000003
2390,1056663000.0,14.700000000000003
2391,1056663900.0,10.045000000000002
2392,1056664800.0,4.233600000000001
2393,1056665700.0,2.3324
2394,1056666600.0,1.5385999999999993
2395,1056667500.0,1.3425999999999996
2396,1056668400.0,1.3621999999999996
2397,1056669300.0,1.4797999999999996
2398,1056670200.0,1.4111999999999998
2399,1056671100.0,1.3327999999999998
2400,1056758400.0,1.1857999999999997
2401,1056759300.0,1.2837999999999996
2402,1056760200.0,1.5287999999999997
2403,1056761100.0,4.8706000000000005
2404,1056762000.0,4.400200000000001
2405,1056762900.0,2.5676000000000005
2406,1056763800.0,1.9894000000000005
2407,1056764700.0,3.616200000000001
2408,1056765600.0,8.839600000000003
2409,1056766500.0,8.6338
2410,1056767400.0,12.573400000000007
2411,1056768300.0,22.001000000000012
2412,1056769200.0,22.020599999999998
2413,1056770100.0,32.15379999999999
2414,1056771000.0,44.92319999999999
2415,1056771900.0,59.49579999999998
2416,1056772800.0,96.51039999999999
2417,1056773700.0,109.90699999999995
2418,1056774600.0,123.79359999999997
2419,1056775500.0,156.92739999999995
2420,1056776400.0,175.64539999999985
2421,1056777300.0,197.34259999999992
2422,1056778200.0,250.1744
2423,1056779100.0,266.0994
2424,1056780000.0,308.12179999999995
2425,1056780900.0,353.0253999999999
2426,1056781800.0,416.8331999999999
2427,1056782700.0,381.35720000000003
2428,1056783600.0,468.3714
2429,1056784500.0,527.0538000000001
2430,1056785400.0,560.6678
2431,1056786300.0,595.7126000000001
2432,1056787200.0,632.8937999999999
2433,1056788100.0,646.4472
2434,1056789000.0,654.3068
2435,1056789900.0,629.2188000000001
2436,1056790800.0,605.4145999999997
2437,1056791700.0,668.4580000000001
2438,1056792600.0,728.14
2439,1056793500.0,637.3920000000003
2440,1056794400.0,822.71
2441,1056795300.0,858.1859999999996
2442,1056796200.0,858.872
2443,1056797100.0,859.558
2444,1056798000.0,860.4400000000002
2445,1056798900.0,842.2119999999999
2446,1056799800.0,854.3639999999998
2447,1056800700.0,852.8939999999997
2448,1056801600.0,846.6219999999998
2449,1056802500.0,812.9100000000003
2450,1056803400.0,801.248
2451,1056804300.0,765.184
2452,1056805200.0,762.2439999999995
2453,1056806100.0,747.1519999999994
2454,1056807000.0,735.4899999999996
2455,1056807900.0,703.0127999999995
2456,1056808800.0,629.8754000000002
2457,1056809700.0,601.7690000000003
2458,1056810600.0,573.6331999999999
2459,1056811500.0,426.3294000000002
2460,1056812400.0,354.9266000000001
2461,1056813300.0,340.66760000000016
2462,1056814200.0,326.5556
2463,1056815100.0,318.26480000000015
2464,1056816000.0,301.68320000000017
2465,1056816900.0,259.86660000000006
2466,1056817800.0,224.8022000000001
2467,1056818700.0,196.86239999999998
2468,1056819600.0,172.08800000000002
2469,1056820500.0,179.77120000000002
2470,1056821400.0,119.07979999999996
2471,1056822300.0,107.33939999999998
2472,1056823200.0,140.1596000000001
2473,1056824100.0,131.88840000000005
2474,1056825000.0,106.77099999999993
2475,1056825900.0,92.52179999999994
2476,1056826800.0,109.96580000000006
2477,1056827700.0,111.13199999999999
2478,1056828600.0,86.92599999999997
2479,1056829500.0,75.4012
2480,1056830400.0,62.190800000000024
2481,1056831300.0,52.332000000000036
2482,1056832200.0,47.089000000000006
2483,1056833100.0,47.97100000000001
2484,1056834000.0,25.783800000000006
2485,1056834900.0,20.766200000000005
2486,1056835800.0,16.963800000000006
2487,1056836700.0,10.878000000000002
2488,1056837600.0,5.194000000000002
2489,1056838500.0,2.2441999999999993
2490,1056839400.0,1.3719999999999999
2491,1056840300.0,1.4798
2492,1056841200.0,1.5189999999999997
2493,1056842100.0,1.5581999999999996
2494,1056843000.0,1.3327999999999998
2495,1056843900.0,1.2445999999999995
2496,1056844800.0,1.1269999999999996
2497,1056845700.0,1.1269999999999996
2498,1056846600.0,1.4699999999999998
2499,1056847500.0,3.3124000000000007
2500,1056848400.0,4.3218000000000005
2501,1056849300.0,2.1070000000000007
2502,1056850200.0,2.381400000000001
2503,1056851100.0,3.400600000000001
2504,1056852000.0,7.546
2505,1056852900.0,8.075200000000002
2506,1056853800.0,9.545200000000001
2507,1056854700.0,15.993599999999997
2508,1056855600.0,21.8442
2509,1056856500.0,27.400799999999983
2510,1056857400.0,33.074999999999974
2511,1056858300.0,55.428799999999995
2512,1056859200.0,82.59440000000001
2513,1056860100.0,85.3972
2514,1056861000.0,98.8134
2515,1056861900.0,101.84160000000001
2516,1056862800.0,101.14089999999999
2517,1056863700.0,117.95280000000001
2518,1056864600.0,125.68499999999995
2519,1056865500.0,159.58319999999995
2520,1056866400.0,156.11399999999995
2521,1056867300.0,137.9644
2522,1056868200.0,148.56799999999998
2523,1056869100.0,164.03239999999994
2524,1056870000.0,168.0602
2525,1056870900.0,176.28239999999997
2526,1056871800.0,169.295
2527,1056872700.0,192.34460000000007
2528,1056873600.0,199.5084
2529,1056874500.0,183.9068
2530,1056875400.0,176.95859999999993
2531,1056876300.0,178.3011999999999
2532,1056877200.0,204.05560000000003
2533,1056878100.0,228.2028000000001
2534,1056879000.0,243.6476
2535,1056879900.0,244.01020000000005
2536,1056880800.0,242.14819999999992
2537,1056881700.0,266.74620000000004
2538,1056882600.0,305.35820000000007
2539,1056883500.0,269.5196000000001
2540,1056884400.0,250.4978
2541,1056885300.0,264.4138000000001
2542,1056886200.0,235.03339999999997
2543,1056887100.0,221.9699999999999
2544,1056888000.0,216.64859999999996
2545,1056888900.0,213.57139999999998
2546,1056889800.0,200.39039999999997
2547,1056890700.0,203.79100000000003
2548,1056891600.0,220.77439999999999
2549,1056892500.0,240.74679999999992
2550,1056893400.0,239.5708
2551,1056894300.0,248.03799999999993
2552,1056895200.0,207.4855999999999
2553,1056896100.0,193.3344
2554,1056897000.0,180.9668
2555,1056897900.0,175.2926
2556,1056898800.0,179.64380000000006
2557,1056899700.0,156.05519999999999
2558,1056900600.0,149.62640000000002
2559,1056901500.0,141.87460000000002
2560,1056902400.0,130.8006
2561,1056903300.0,107.46679999999998
2562,1056904200.0,94.88359999999997
2563,1056905100.0,89.23879999999997
2564,1056906000.0,101.31240000000001
2565,1056906900.0,69.21739999999996
2566,1056907800.0,67.45339999999995
2567,1056908700.0,69.35459999999998
2568,1056909600.0,60.0054
2569,1056910500.0,44.741900000000015
2570,1056911400.0,44.109800000000014
2571,1056912300.0,36.936200000000014
2572,1056913200.0,31.712800000000012
2573,1056914100.0,39.4156
2574,1056915000.0,57.32020000000003
2575,1056915900.0,54.94860000000005
2576,1056916800.0,59.260600000000025
2577,1056917700.0,50.19560000000002
2578,1056918600.0,32.50660000000002
2579,1056919500.0,29.14520000000001
2580,1056920400.0,21.4914
2581,1056921300.0,16.7678
2582,1056922200.0,14.621599999999999
2583,1056923100.0,10.995600000000008
2584,1056924000.0,5.870200000000002
2585,1056924900.0,2.322599999999999
2586,1056925800.0,1.2543999999999997
2587,1056926700.0,1.2739999999999996
2588,1056927600.0,1.3131999999999997
2589,1056928500.0,1.3033999999999994
2590,1056929400.0,1.1857999999999993
2591,1056930300.0,1.1759999999999993
2592,1056931200.0,1.0485999999999995
2593,1056932100.0,1.0093999999999999
2594,1056933000.0,1.1955999999999998
2595,1056933900.0,2.5578000000000003
2596,1056934800.0,2.8420000000000005
2597,1056935700.0,1.4210000000000003
2598,1056936600.0,1.9894
2599,1056937500.0,2.0873999999999997
2600,1056938400.0,3.2536000000000005
2601,1056939300.0,4.615800000000001
2602,1056940200.0,7.398999999999998
2603,1056941100.0,11.181799999999994
2604,1056942000.0,17.816399999999998
2605,1056942900.0,20.472199999999994
2606,1056943800.0,26.224800000000002
2607,1056944700.0,30.781800000000008
2608,1056945600.0,31.12479999999999
2609,1056946500.0,32.45759999999999
2610,1056947400.0,38.190599999999996
2611,1056948300.0,46.442200000000014
2612,1056949200.0,56.624399999999994
2613,1056950100.0,62.171200000000006
2614,1056951000.0,64.6114
2615,1056951900.0,76.21459999999996
2616,1056952800.0,83.58419999999995
2617,1056953700.0,90.92439999999999
2618,1056954600.0,109.33859999999997
2619,1056955500.0,117.61959999999998
2620,1056956400.0,141.72759999999988
2621,1056957300.0,136.74919999999997
2622,1056958200.0,143.62880000000004
2623,1056959100.0,180.12400000000005
2624,1056960000.0,175.3710000000001
2625,1056960900.0,153.9874
2626,1056961800.0,142.3058
2627,1056962700.0,136.22979999999998
2628,1056963600.0,146.2944
2629,1056964500.0,148.1466
2630,1056965400.0,145.25560000000002
2631,1056966300.0,148.3916
2632,1056967200.0,152.60560000000004
2633,1056968100.0,178.72259999999994
2634,1056969000.0,186.3078
2635,1056969900.0,191.30579999999995
2636,1056970800.0,206.00579999999988
2637,1056971700.0,202.76199999999986
2638,1056972600.0,202.36019999999994
2639,1056973500.0,205.72159999999997
2640,1056974400.0,193.13839999999996
2641,1056975300.0,200.5765999999999
2642,1056976200.0,204.68279999999987
2643,1056977100.0,209.49459999999985
2644,1056978000.0,209.07319999999982
2645,1056978900.0,217.24639999999977
2646,1056979800.0,212.74819999999985
2647,1056980700.0,201.8505999999999
2648,1056981600.0,193.9125999999999
2649,1056982500.0,190.19839999999996
2650,1056983400.0,192.69739999999993
2651,1056984300.0,197.3524
2652,1056985200.0,190.49239999999995
2653,1056986100.0,158.0348
2654,1056987000.0,142.835
2655,1056987900.0,131.8296
2656,1056988800.0,121.82379999999999
2657,1056989700.0,118.09979999999996
2658,1056990600.0,127.694
2659,1056991500.0,124.23459999999999
2660,1056992400.0,117.70779999999999
2661,1056993300.0,73.53919999999995
2662,1056994200.0,71.82419999999995
2663,1056995100.0,68.03159999999995
2664,1056996000.0,67.65920000000001
2665,1056996900.0,57.10460000000003
2666,1056997800.0,56.10500000000002
2667,1056998700.0,49.21560000000004
2668,1056999600.0,39.02360000000001
2669,1057000500.0,45.62880000000001
2670,1057001400.0,60.24060000000002
2671,1057002300.0,54.74280000000003
2672,1057003200.0,58.88820000000001
2673,1057004100.0,49.411600000000014
2674,1057005000.0,25.852400000000003
2675,1057005900.0,28.028000000000006
2676,1057006800.0,19.48240000000001
2677,1057007700.0,16.199400000000004
2678,1057008600.0,13.377000000000002
2679,1057009500.0,9.917600000000006
2680,1057010400.0,5.007800000000001
2681,1057011300.0,2.067799999999999
2682,1057012200.0,1.2347999999999997
2683,1057013100.0,1.2641999999999995
2684,1057014000.0,1.2837999999999994
2685,1057014900.0,1.1661999999999997
2686,1057015800.0,1.1367999999999996
2687,1057016700.0,1.1661999999999992
2688,1057104000.0,1.2445999999999993
2689,1057104900.0,1.1171999999999995
2690,1057105800.0,1.5385999999999997
2691,1057106700.0,2.0384
2692,1057107600.0,3.5476000000000005
2693,1057108500.0,2.2344000000000004
2694,1057109400.0,1.7934
2695,1057110300.0,2.2834
2696,1057111200.0,8.251599999999998
2697,1057112100.0,10.309599999999998
2698,1057113000.0,11.622800000000007
2699,1057113900.0,14.709800000000005
2700,1057114800.0,21.069999999999997
2701,1057115700.0,28.43959999999999
2702,1057116600.0,43.110200000000006
2703,1057117500.0,55.4582
2704,1057118400.0,94.6092
2705,1057119300.0,106.25160000000004
2706,1057120200.0,118.73679999999995
2707,1057121100.0,135.63199999999995
2708,1057122000.0,165.17899999999995
2709,1057122900.0,195.01999999999987
2710,1057123800.0,234.3964
2711,1057124700.0,234.64140000000003
2712,1057125600.0,248.29280000000003
2713,1057126500.0,280.20159999999987
2714,1057127400.0,394.9302
2715,1057128300.0,377.0354
2716,1057129200.0,394.0776000000002
2717,1057130100.0,441.5096000000004
2718,1057131000.0,498.20260000000025
2719,1057131900.0,496.04660000000035
2720,1057132800.0,543.9196
2721,1057133700.0,568.8900000000001
2722,1057134600.0,594.7914
2723,1057135500.0,615.1263999999998
2724,1057136400.0,656.6097999999995
2725,1057137300.0,668.2227999999997
2726,1057138200.0,679.5907999999997
2727,1057139100.0,655.3259999999996
2728,1057140000.0,728.5320000000002
2729,1057140900.0,772.7299999999997
2730,1057141800.0,805.4620000000001
2731,1057142700.0,794.2900000000008
2732,1057143600.0,761.2640000000004
2733,1057144500.0,556.2479999999999
2734,1057145400.0,491.1466000000001
2735,1057146300.0,478.70060000000007
2736,1057147200.0,529.2686000000001
2737,1057148100.0,541.5970000000002
2738,1057149000.0,569.8308000000002
2739,1057149900.0,585.9126000000001
2740,1057150800.0,620.1537999999997
2741,1057151700.0,605.1597999999999
2742,1057152600.0,625.6319999999998
2743,1057153500.0,540.225
2744,1057154400.0,514.6469999999999
2745,1057155300.0,432.376
2746,1057156200.0,427.3485999999999
2747,1057157100.0,396.0376
2748,1057158000.0,367.80379999999997
2749,1057158900.0,314.874
2750,1057159800.0,280.7014000000001
2751,1057160700.0,250.12540000000004
2752,1057161600.0,202.81099999999998
2753,1057162500.0,213.3362
2754,1057163400.0,184.12239999999997
2755,1057164300.0,178.65400000000002
2756,1057165200.0,163.5913999999999
2757,1057166100.0,153.63459999999995
2758,1057167000.0,111.99439999999993
2759,1057167900.0,109.64239999999992
2760,1057168800.0,136.65120000000005
2761,1057169700.0,114.7776
2762,1057170600.0,83.99579999999997
2763,1057171500.0,71.344
2764,1057172400.0,100.891
2765,1057173300.0,93.67819999999995
2766,1057174200.0,79.2232
2767,1057175100.0,73.65679999999999
2768,1057176000.0,65.68940000000002
2769,1057176900.0,49.47040000000002
2770,1057177800.0,48.38260000000002
2771,1057178700.0,46.06000000000003
2772,1057179600.0,25.960200000000004
2773,1057180500.0,17.669400000000003
2774,1057181400.0,13.514200000000002
2775,1057182300.0,7.124600000000002
2776,1057183200.0,3.782800000000001
2777,1057184100.0,1.6464
2778,1057185000.0,1.3817999999999997
2779,1057185900.0,1.4798
2780,1057186800.0,1.2935999999999999
2781,1057187700.0,1.2935999999999999
2782,1057188600.0,1.2151999999999996
2783,1057189500.0,1.2151999999999996
2784,1057190400.0,1.3523999999999996
2785,1057191300.0,1.2249999999999994
2786,1057192200.0,1.3425999999999996
2787,1057193100.0,2.4598
2788,1057194000.0,3.5671999999999997
2789,1057194900.0,2.048200000000001
2790,1057195800.0,2.2834000000000003
2791,1057196700.0,2.8812
2792,1057197600.0,4.027800000000002
2793,1057198500.0,6.027
2794,1057199400.0,8.751399999999999
2795,1057200300.0,9.114000000000003
2796,1057201200.0,23.833600000000004
2797,1057202100.0,26.205200000000005
2798,1057203000.0,28.851199999999995
2799,1057203900.0,36.6324
2800,1057204800.0,53.4002
2801,1057205700.0,51.93020000000001
2802,1057206600.0,78.82139999999998
2803,1057207500.0,75.5972
2804,1057208400.0,86.23999999999997
2805,1057209300.0,105.71259999999997
2806,1057210200.0,115.70859999999999
2807,1057211100.0,131.5552
2808,1057212000.0,135.86720000000003
2809,1057212900.0,126.38080000000005
2810,1057213800.0,103.16460000000001
2811,1057214700.0,124.35220000000005
2812,1057215600.0,150.84160000000003
2813,1057216500.0,167.84459999999999
2814,1057217400.0,176.69400000000005
2815,1057218300.0,195.89220000000006
2816,1057219200.0,203.73219999999995
2817,1057220100.0,199.08699999999996
2818,1057221000.0,226.6641999999999
2819,1057221900.0,263.6101999999999
2820,1057222800.0,323.9292000000001
2821,1057223700.0,361.3848000000001
2822,1057224600.0,397.8408
2823,1057225500.0,422.6348
2824,1057226400.0,455.2687999999999
2825,1057227300.0,476.28
2826,1057228200.0,485.9819999999999
2827,1057229100.0,483.33599999999984
2828,1057230000.0,476.27999999999986
2829,1057230900.0,494.80199999999985
2830,1057231800.0,500.0939999999999
2831,1057232700.0,490.392
2832,1057233600.0,502.83799999999997
2833,1057234500.0,492.6460000000001
2834,1057235400.0,516.9205999999999
2835,1057236300.0,460.9724
2836,1057237200.0,426.594
2837,1057238100.0,407.58200000000005
2838,1057239000.0,359.4640000000001
2839,1057239900.0,316.5988000000001
2840,1057240800.0,304.58400000000006
2841,1057241700.0,266.2464
2842,1057242600.0,264.5412000000001
2843,1057243500.0,234.29840000000002
2844,1057244400.0,232.63240000000005
2845,1057245300.0,200.09640000000007
2846,1057246200.0,178.9088
2847,1057247100.0,163.3562
2848,1057248000.0,151.9784
2849,1057248900.0,114.29739999999998
2850,1057249800.0,110.22060000000002
2851,1057250700.0,111.7298
2852,1057251600.0,105.36959999999998
2853,1057252500.0,95.68719999999996
2854,1057253400.0,92.65899999999996
2855,1057254300.0,84.77980000000001
2856,1057255200.0,76.64580000000005
2857,1057256100.0,64.68
2858,1057257000.0,66.47340000000001
2859,1057257900.0,60.769800000000025
2860,1057258800.0,96.432
2861,1057259700.0,105.693
2862,1057260600.0,80.5168
2863,1057261500.0,72.8532
2864,1057262400.0,62.85720000000002
2865,1057263300.0,49.49980000000001
2866,1057264200.0,48.3238
2867,1057265100.0,46.30500000000001
2868,1057266000.0,23.647400000000008
2869,1057266900.0,18.247600000000006
2870,1057267800.0,13.386800000000003
2871,1057268700.0,6.154399999999999
2872,1057269600.0,2.5479999999999996
2873,1057270500.0,1.4504
2874,1057271400.0,1.3131999999999997
2875,1057272300.0,1.3719999999999999
2876,1057273200.0,1.2445999999999995
2877,1057274100.0,1.2445999999999995
2878,1057275000.0,1.1661999999999995
2879,1057275900.0,1.1661999999999995
