,date_forecast,predict
0,1051747200.0,0.0
1,1051748100.0,0.0
2,1051749000.0,0.0
3,1051749900.0,0.0
4,1051750800.0,0.0
5,1051751700.0,0.0
6,1051752600.0,0.0154
7,1051753500.0,0.09680000000000001
8,1051754400.0,0.6027999999999999
9,1051755300.0,2.895199999999999
10,1051756200.0,10.544600000000003
11,1051757100.0,28.82880000000001
12,1051758000.0,54.67
13,1051758900.0,101.84460000000001
14,1051759800.0,140.7119999999999
15,1051760700.0,198.31019999999998
16,1051761600.0,392.1764000000001
17,1051762500.0,533.2151000000001
18,1051763400.0,561.0682000000003
19,1051764300.0,609.7784000000001
20,1051765200.0,952.8716999999998
21,1051766100.0,967.5732000000003
22,1051767000.0,1186.8472
23,1051767900.0,1945.7900000000006
24,1051768800.0,1995.9983999999995
25,1051769700.0,2309.667799999999
26,1051770600.0,2501.4593999999997
27,1051771500.0,2716.8174
28,1051772400.0,2857.353400000002
29,1051773300.0,2781.673400000001
30,1051774200.0,2751.7644000000005
31,1051775100.0,2907.5266
32,1051776000.0,2866.6506
33,1051776900.0,2692.6481999999996
34,1051777800.0,2808.6696000000006
35,1051778700.0,2804.529200000001
36,1051779600.0,2981.0726
37,1051780500.0,3066.6899999999996
38,1051781400.0,3142.205
39,1051782300.0,3213.4564
40,1051783200.0,2973.4958
41,1051784100.0,3245.8976000000007
42,1051785000.0,3249.580400000002
43,1051785900.0,2888.5230000000006
44,1051786800.0,2893.3234000000007
45,1051787700.0,2781.3742
46,1051788600.0,2725.8593999999994
47,1051789500.0,2620.838
48,1051790400.0,2372.4448000000016
49,1051791300.0,2475.2134000000005
50,1051792200.0,2344.9998000000005
51,1051793100.0,2203.603600000001
52,1051794000.0,2228.3844000000004
53,1051794900.0,2140.324999999999
54,1051795800.0,2033.8142000000005
55,1051796700.0,2211.7281999999996
56,1051797600.0,2414.764
57,1051798500.0,2111.0276000000003
58,1051799400.0,2097.7769999999996
59,1051800300.0,1612.0917999999997
60,1051801200.0,1477.2845999999997
61,1051802100.0,1462.3883999999996
62,1051803000.0,1324.3472
63,1051803900.0,1122.2244
64,1051804800.0,1133.5456
65,1051805700.0,1134.3750000000002
66,1051806600.0,993.5639999999996
67,1051807500.0,843.0862000000001
68,1051808400.0,567.6285999999997
69,1051809300.0,533.3679999999998
70,1051810200.0,442.20659999999975
71,1051811100.0,304.3194000000001
72,1051812000.0,261.84400000000005
73,1051812900.0,183.4371000000001
74,1051813800.0,93.81460000000004
75,1051814700.0,56.69620000000002
76,1051815600.0,23.830399999999994
77,1051816500.0,3.6146
78,1051817400.0,0.22220000000000004
79,1051818300.0,0.0462
80,1051819200.0,0.0
81,1051820100.0,0.0
82,1051821000.0,0.0
83,1051821900.0,0.022000000000000002
84,1051822800.0,0.0044
85,1051823700.0,0.0
86,1051824600.0,0.0
87,1051825500.0,0.0
88,1051826400.0,0.0
89,1051827300.0,0.0
90,1051828200.0,0.0
91,1051829100.0,0.0
92,1051830000.0,0.0
93,1051830900.0,0.0
94,1051831800.0,0.0
95,1051832700.0,0.0
96,1052179200.0,0.0
97,1052180100.0,0.0
98,1052181000.0,0.0
99,1052181900.0,0.11000000000000001
100,1052182800.0,0.0836
101,1052183700.0,0.11880000000000003
102,1052184600.0,0.35200000000000004
103,1052185500.0,1.2781999999999993
104,1052186400.0,5.491200000000004
105,1052187300.0,11.151800000000005
106,1052188200.0,45.874399999999994
107,1052189100.0,61.28759999999998
108,1052190000.0,120.90540000000003
109,1052190900.0,199.5422
110,1052191800.0,309.19679999999994
111,1052192700.0,421.7598
112,1052193600.0,481.30060000000003
113,1052194500.0,638.5258000000001
114,1052195400.0,936.7204000000003
115,1052196300.0,1170.5979999999995
116,1052197200.0,1372.9165999999996
117,1052198100.0,1634.4240000000004
118,1052199000.0,1770.4544000000005
119,1052199900.0,2300.7072000000003
120,1052200800.0,2309.4654000000005
121,1052201700.0,2447.5000000000014
122,1052202600.0,2452.9538000000002
123,1052203500.0,2574.9548
124,1052204400.0,2493.4095999999995
125,1052205300.0,2429.7702
126,1052206200.0,2662.2068
127,1052207100.0,3430.1080000000006
128,1052208000.0,3651.3707999999997
129,1052208900.0,3731.9831999999997
130,1052209800.0,3559.3360000000002
131,1052210700.0,3977.5625999999984
132,1052211600.0,4536.5869999999995
133,1052212500.0,4388.901000000001
134,1052213400.0,4370.9072
135,1052214300.0,4347.123
136,1052215200.0,4287.9672
137,1052216100.0,4258.064800000001
138,1052217000.0,4239.089800000001
139,1052217900.0,4218.075399999999
140,1052218800.0,3579.1931999999997
141,1052219700.0,3612.7322000000004
142,1052220600.0,3488.1528000000003
143,1052221500.0,3529.7482000000014
144,1052222400.0,3502.5870000000014
145,1052223300.0,3450.299600000001
146,1052224200.0,3370.3186000000023
147,1052225100.0,3435.1130000000016
148,1052226000.0,3335.1538000000005
149,1052226900.0,2842.7718000000004
150,1052227800.0,2796.7874000000006
151,1052228700.0,2864.8444000000013
152,1052229600.0,2702.6362000000004
153,1052230500.0,2891.9285999999997
154,1052231400.0,2428.4392000000003
155,1052232300.0,2352.6250000000005
156,1052233200.0,1992.5048000000002
157,1052234100.0,1798.5769999999995
158,1052235000.0,1900.3687999999997
159,1052235900.0,1994.5002
160,1052236800.0,1464.6984000000002
161,1052237700.0,1192.257
162,1052238600.0,983.7652000000002
163,1052239500.0,907.9004
164,1052240400.0,903.3134
165,1052241300.0,677.3052
166,1052242200.0,537.4358
167,1052243100.0,481.20600000000013
168,1052244000.0,416.9792000000001
169,1052244900.0,314.9322
170,1052245800.0,227.4448
171,1052246700.0,169.09639999999996
172,1052247600.0,117.65820000000004
173,1052248500.0,41.77800000000001
174,1052249400.0,11.539000000000003
175,1052250300.0,1.495999999999999
176,1052251200.0,0.33
177,1052252100.0,1.4299999999999997
178,1052253000.0,3.4386000000000005
179,1052253900.0,0.45760000000000006
180,1052254800.0,0.1122
181,1052255700.0,0.38939999999999997
182,1052256600.0,0.044000000000000004
183,1052257500.0,0.0154
184,1052258400.0,0.0
185,1052259300.0,0.0
186,1052260200.0,0.0
187,1052261100.0,0.0
188,1052262000.0,0.0
189,1052262900.0,0.0
190,1052263800.0,0.0
191,1052264700.0,0.0
192,1052870400.0,0.0374
193,1052871300.0,0.24419999999999994
194,1052872200.0,0.407
195,1052873100.0,0.28380000000000005
196,1052874000.0,1.0824
197,1052874900.0,1.7489999999999994
198,1052875800.0,4.386799999999999
199,1052876700.0,6.578000000000003
200,1052877600.0,19.258799999999987
201,1052878500.0,61.833200000000005
202,1052879400.0,113.06899999999997
203,1052880300.0,143.55879999999996
204,1052881200.0,225.63640000000004
205,1052882100.0,277.83580000000006
206,1052883000.0,334.72119999999995
207,1052883900.0,462.0198000000001
208,1052884800.0,606.8194
209,1052885700.0,749.2869999999999
210,1052886600.0,1031.8373999999997
211,1052887500.0,1252.7702
212,1052888400.0,1551.7458000000001
213,1052889300.0,1720.5936
214,1052890200.0,1982.8446000000001
215,1052891100.0,2456.000800000001
216,1052892000.0,2709.4386000000004
217,1052892900.0,2877.210600000002
218,1052893800.0,3150.5100000000007
219,1052894700.0,3317.1423999999997
220,1052895600.0,3783.0561999999995
221,1052896500.0,3908.0689999999977
222,1052897400.0,3613.999399999999
223,1052898300.0,2950.4772000000003
224,1052899200.0,3102.6577999999986
225,1052900100.0,3139.5803999999985
226,1052901000.0,3312.605999999998
227,1052901900.0,3265.6887999999994
228,1052902800.0,3763.5224
229,1052903700.0,3884.7137999999995
230,1052904600.0,3875.207599999999
231,1052905500.0,3938.8580000000006
232,1052906400.0,3919.3703999999993
233,1052907300.0,3916.3717999999994
234,1052908200.0,3953.9984000000004
235,1052909100.0,3942.780600000001
236,1052910000.0,3775.7456000000016
237,1052910900.0,3185.4042
238,1052911800.0,3051.496799999999
239,1052912700.0,3159.776399999999
240,1052913600.0,3908.41
241,1052914500.0,3961.5664
242,1052915400.0,3876.670600000002
243,1052916300.0,3892.017800000001
244,1052917200.0,3581.9321999999997
245,1052918100.0,2909.9554000000003
246,1052919000.0,2761.0065999999997
247,1052919900.0,2824.4282000000003
248,1052920800.0,2788.8805999999995
249,1052921700.0,2557.0886
250,1052922600.0,2390.7884000000004
251,1052923500.0,2108.3370000000004
252,1052924400.0,2248.609
253,1052925300.0,1721.6055999999992
254,1052926200.0,1873.9050000000007
255,1052927100.0,1514.5019999999997
256,1052928000.0,1204.7398
257,1052928900.0,1067.5169999999996
258,1052929800.0,996.7165999999999
259,1052930700.0,699.2392000000003
260,1052931600.0,615.2410000000002
261,1052932500.0,515.6382000000001
262,1052933400.0,507.48280000000005
263,1052934300.0,492.1576000000001
264,1052935200.0,477.8576000000001
265,1052936100.0,348.6692
266,1052937000.0,283.0212000000001
267,1052937900.0,195.28080000000006
268,1052938800.0,128.37659999999997
269,1052939700.0,84.24460000000003
270,1052940600.0,53.242200000000004
271,1052941500.0,8.925400000000002
272,1052942400.0,1.1329999999999991
273,1052943300.0,0.2596
274,1052944200.0,0.0066
275,1052945100.0,0.0
276,1052946000.0,0.0
277,1052946900.0,0.2882
278,1052947800.0,0.7942000000000001
279,1052948700.0,0.1826
280,1052949600.0,0.0308
281,1052950500.0,0.0176
282,1052951400.0,0.0088
283,1052952300.0,0.0088
284,1052953200.0,0.0
285,1052954100.0,0.0
286,1052955000.0,0.0
287,1052955900.0,0.0088
288,1053216000.0,0.05720000000000001
289,1053216900.0,0.08360000000000001
290,1053217800.0,0.044000000000000004
291,1053218700.0,0.4751999999999999
292,1053219600.0,1.3133999999999997
293,1053220500.0,1.1176000000000001
294,1053221400.0,3.6960000000000006
295,1053222300.0,7.737400000000004
296,1053223200.0,28.70999999999999
297,1053224100.0,41.4524
298,1053225000.0,58.6432
299,1053225900.0,105.2656
300,1053226800.0,141.4863999999999
301,1053227700.0,200.13179999999994
302,1053228600.0,227.35679999999994
303,1053229500.0,308.17159999999984
304,1053230400.0,491.8451999999999
305,1053231300.0,582.6810000000003
306,1053232200.0,758.7910000000002
307,1053233100.0,823.1476000000001
308,1053234000.0,976.3028000000004
309,1053234900.0,1155.8470000000007
310,1053235800.0,1653.9490000000005
311,1053236700.0,2119.2666
312,1053237600.0,2295.5547999999994
313,1053238500.0,2640.444399999999
314,1053239400.0,2890.4743999999996
315,1053240300.0,3177.4973999999993
316,1053241200.0,3407.4325999999987
317,1053242100.0,3534.068999999999
318,1053243000.0,3599.0547999999985
319,1053243900.0,3097.4987999999994
320,1053244800.0,2747.5513999999994
321,1053245700.0,2716.4279999999994
322,1053246600.0,2742.0601999999994
323,1053247500.0,2695.618199999999
324,1053248400.0,2761.978999999999
325,1053249300.0,2675.4199999999987
326,1053250200.0,2751.6609999999982
327,1053251100.0,3561.4193999999993
328,1053252000.0,3931.6486
329,1053252900.0,4047.141999999999
330,1053253800.0,3358.9028000000008
331,1053254700.0,3449.4372000000003
332,1053255600.0,4137.539999999998
333,1053256500.0,3963.4033999999997
334,1053257400.0,4054.918999999999
335,1053258300.0,4102.584200000001
336,1053259200.0,3353.4248
337,1053260100.0,3109.321600000001
338,1053261000.0,3388.0
339,1053261900.0,3016.211
340,1053262800.0,3024.324600000001
341,1053263700.0,2551.5578000000005
342,1053264600.0,2709.5661999999998
343,1053265500.0,2796.3231999999985
344,1053266400.0,2797.2054000000003
345,1053267300.0,3069.387200000001
346,1053268200.0,2711.662800000001
347,1053269100.0,2351.1862
348,1053270000.0,2349.2897999999996
349,1053270900.0,2082.9556000000002
350,1053271800.0,1958.6952000000013
351,1053272700.0,1891.9186000000004
352,1053273600.0,1840.6520000000007
353,1053274500.0,1738.2684000000006
354,1053275400.0,1075.342399999999
355,1053276300.0,925.9910000000003
356,1053277200.0,975.7593999999999
357,1053278100.0,732.93
358,1053279000.0,527.956
359,1053279900.0,420.4288
360,1053280800.0,358.4283999999999
361,1053281700.0,244.9106
362,1053282600.0,150.46680000000003
363,1053283500.0,158.52320000000003
364,1053284400.0,110.14739999999995
365,1053285300.0,98.37629999999997
366,1053286200.0,62.22260000000005
367,1053287100.0,18.847400000000004
368,1053288000.0,4.360400000000001
369,1053288900.0,0.638
370,1053289800.0,0.1386
371,1053290700.0,0.0
372,1053291600.0,0.0
373,1053292500.0,0.0
374,1053293400.0,0.0
375,1053294300.0,0.0
376,1053295200.0,0.0
377,1053296100.0,0.0
378,1053297000.0,0.0
379,1053297900.0,0.0748
380,1053298800.0,0.077
381,1053299700.0,0.09680000000000001
382,1053300600.0,0.09680000000000001
383,1053301500.0,0.0946
384,1053388800.0,0.1782
385,1053389700.0,0.3256
386,1053390600.0,0.7193999999999999
387,1053391500.0,1.54
388,1053392400.0,1.0912
389,1053393300.0,2.1141999999999994
390,1053394200.0,8.494199999999998
391,1053395100.0,21.47639999999999
392,1053396000.0,64.7966
393,1053396900.0,99.66439999999993
394,1053397800.0,146.8896
395,1053398700.0,167.6708
396,1053399600.0,244.5212
397,1053400500.0,322.31099999999986
398,1053401400.0,508.3451999999999
399,1053402300.0,718.1151999999998
400,1053403200.0,804.1308
401,1053404100.0,757.2004
402,1053405000.0,865.1676000000002
403,1053405900.0,1088.6084
404,1053406800.0,1237.3151999999995
405,1053407700.0,1496.1188000000004
406,1053408600.0,1641.0261999999996
407,1053409500.0,2219.542600000001
408,1053410400.0,2532.2044000000005
409,1053411300.0,2564.9051999999997
410,1053412200.0,2976.8156000000017
411,1053413100.0,3126.985400000001
412,1053414000.0,3610.9942000000015
413,1053414900.0,3819.9743999999987
414,1053415800.0,3906.4739999999983
415,1053416700.0,3216.5121999999988
416,1053417600.0,3167.6897999999987
417,1053418500.0,3181.032799999998
418,1053419400.0,3341.2103999999986
419,1053420300.0,3326.8487999999993
420,1053421200.0,3231.3687999999984
421,1053422100.0,3293.0259999999985
422,1053423000.0,3298.8515999999986
423,1053423900.0,3102.3387999999973
424,1053424800.0,3232.730599999998
425,1053425700.0,3312.2583999999983
426,1053426600.0,3540.9989999999984
427,1053427500.0,3541.865799999999
428,1053428400.0,3539.0366
429,1053429300.0,3630.9614
430,1053430200.0,3621.4222000000004
431,1053431100.0,3637.403000000001
432,1053432000.0,3762.5169999999994
433,1053432900.0,3843.5759999999996
434,1053433800.0,3929.560799999999
435,1053434700.0,3886.920399999998
436,1053435600.0,3868.548199999997
437,1053436500.0,3495.252200000001
438,1053437400.0,3410.730400000001
439,1053438300.0,3371.786000000001
440,1053439200.0,3475.5380000000027
441,1053440100.0,3332.3906
442,1053441000.0,3057.8922
443,1053441900.0,2989.032199999999
444,1053442800.0,2798.554
445,1053443700.0,2401.3770000000013
446,1053444600.0,2048.4486000000006
447,1053445500.0,2006.6442000000002
448,1053446400.0,2000.2554
449,1053447300.0,1722.0631999999996
450,1053448200.0,1002.2913999999996
451,1053449100.0,896.7023999999999
452,1053450000.0,1000.9009999999997
453,1053450900.0,796.8224
454,1053451800.0,510.7102000000002
455,1053452700.0,456.5022000000003
456,1053453600.0,511.86520000000013
457,1053454500.0,478.0600000000002
458,1053455400.0,322.2427999999999
459,1053456300.0,287.3442
460,1053457200.0,213.7256
461,1053458100.0,124.234
462,1053459000.0,88.66439999999999
463,1053459900.0,48.78940000000001
464,1053460800.0,16.555000000000003
465,1053461700.0,1.6499999999999986
466,1053462600.0,0.3608
467,1053463500.0,0.06380000000000001
468,1053464400.0,0.0
469,1053465300.0,0.0
470,1053466200.0,0.0
471,1053467100.0,0.3234
472,1053468000.0,0.0132
473,1053468900.0,0.0044
474,1053469800.0,0.0088
475,1053470700.0,0.0088
476,1053471600.0,0.0088
477,1053472500.0,0.15620000000000003
478,1053473400.0,0.17600000000000002
479,1053474300.0,0.15620000000000003
480,1053475200.0,0.5918000000000001
481,1053476100.0,1.6873999999999998
482,1053477000.0,1.9316
483,1053477900.0,1.8766
484,1053478800.0,1.7577999999999998
485,1053479700.0,2.503599999999999
486,1053480600.0,10.659000000000002
487,1053481500.0,20.85599999999999
488,1053482400.0,87.21240000000003
489,1053483300.0,84.42500000000001
490,1053484200.0,125.7894
491,1053485100.0,215.99379999999985
492,1053486000.0,283.12460000000004
493,1053486900.0,283.11139999999995
494,1053487800.0,384.87240000000014
495,1053488700.0,601.931
496,1053489600.0,737.7193999999998
497,1053490500.0,787.633
498,1053491400.0,1104.5650000000003
499,1053492300.0,1256.2132
500,1053493200.0,1641.2330000000009
501,1053494100.0,1707.9260000000004
502,1053495000.0,2080.949200000001
503,1053495900.0,2281.5166000000004
504,1053496800.0,2608.5862000000006
505,1053497700.0,2944.2886000000003
506,1053498600.0,3228.4251999999997
507,1053499500.0,3435.665199999999
508,1053500400.0,3873.2803999999996
509,1053501300.0,3891.4985999999994
510,1053502200.0,3186.8165999999997
511,1053503100.0,3226.1415999999986
512,1053504000.0,3447.4308
513,1053504900.0,4032.6220000000003
514,1053505800.0,4326.563999999999
515,1053506700.0,4472.523000000001
516,1053507600.0,4627.493200000003
517,1053508500.0,4484.5856
518,1053509400.0,4185.730999999999
519,1053510300.0,4070.0462000000007
520,1053511200.0,3290.5114000000003
521,1053512100.0,3173.244800000001
522,1053513000.0,3065.2974
523,1053513900.0,2979.2663999999995
524,1053514800.0,2931.8519999999985
525,1053515700.0,2913.776799999999
526,1053516600.0,2869.6843999999987
527,1053517500.0,2993.108799999998
528,1053518400.0,2883.854599999999
529,1053519300.0,3037.7643999999996
530,1053520200.0,2995.4694
531,1053521100.0,2982.639000000002
532,1053522000.0,3151.645200000001
533,1053522900.0,3100.5480000000007
534,1053523800.0,2802.7054000000007
535,1053524700.0,2753.9578
536,1053525600.0,3056.449
537,1053526500.0,2659.5690000000013
538,1053527400.0,2603.1302000000014
539,1053528300.0,2578.4330000000004
540,1053529200.0,2536.052200000001
541,1053530100.0,2258.8060000000014
542,1053531000.0,1912.136600000001
543,1053531900.0,1980.0990000000002
544,1053532800.0,1918.8465999999999
545,1053533700.0,1700.6154000000001
546,1053534600.0,879.0055999999997
547,1053535500.0,995.3943999999997
548,1053536400.0,1023.0153999999999
549,1053537300.0,750.4376
550,1053538200.0,520.4826
551,1053539100.0,454.4869999999999
552,1053540000.0,475.92600000000016
553,1053540900.0,483.17940000000004
554,1053541800.0,298.0450000000001
555,1053542700.0,249.24460000000002
556,1053543600.0,209.05500000000006
557,1053544500.0,125.76519999999994
558,1053545400.0,76.0716
559,1053546300.0,53.8252
560,1053547200.0,19.654800000000005
561,1053548100.0,5.2866
562,1053549000.0,0.4708
563,1053549900.0,0.1628
564,1053550800.0,0.0594
565,1053551700.0,0.0
566,1053552600.0,0.0
567,1053553500.0,0.3256
568,1053554400.0,0.34980000000000006
569,1053555300.0,0.044000000000000004
570,1053556200.0,0.07479999999999999
571,1053557100.0,0.0176
572,1053558000.0,0.0176
573,1053558900.0,0.40259999999999996
574,1053559800.0,0.3607999999999999
575,1053560700.0,0.363
576,1053561600.0,1.0339999999999998
577,1053562500.0,2.6355999999999984
578,1053563400.0,2.8841999999999994
579,1053564300.0,1.3068
580,1053565200.0,1.9975999999999994
581,1053566100.0,2.3671999999999986
582,1053567000.0,13.191199999999991
583,1053567900.0,37.921400000000006
584,1053568800.0,89.64340000000004
585,1053569700.0,98.06499999999998
586,1053570600.0,120.93620000000004
587,1053571500.0,236.74199999999996
588,1053572400.0,273.4314
589,1053573300.0,294.8373999999999
590,1053574200.0,559.3522000000002
591,1053575100.0,674.3263999999997
592,1053576000.0,741.2525999999997
593,1053576900.0,780.5336000000002
594,1053577800.0,1113.2197999999999
595,1053578700.0,1260.3536000000001
596,1053579600.0,1655.4208000000006
597,1053580500.0,1749.9063999999998
598,1053581400.0,2070.791800000001
599,1053582300.0,2374.8450000000003
600,1053583200.0,2708.752200000001
601,1053584100.0,2967.243399999999
602,1053585000.0,3339.0522
603,1053585900.0,3583.5624
604,1053586800.0,3924.6328
605,1053587700.0,3966.7803999999996
606,1053588600.0,2993.5202000000004
607,1053589500.0,3070.1681999999996
608,1053590400.0,3238.0061999999975
609,1053591300.0,3236.204399999998
610,1053592200.0,3152.386599999998
611,1053593100.0,3090.406
612,1053594000.0,3498.3586000000005
613,1053594900.0,3895.8941999999997
614,1053595800.0,3965.0401999999995
615,1053596700.0,3175.983799999998
616,1053597600.0,2912.153199999999
617,1053598500.0,2830.929199999998
618,1053599400.0,3457.559599999999
619,1053600300.0,3643.7455999999993
620,1053601200.0,3778.0952000000007
621,1053602100.0,3450.605400000001
622,1053603000.0,3475.6567999999997
623,1053603900.0,3586.5456
624,1053604800.0,3524.0832
625,1053605700.0,3330.7207999999996
626,1053606600.0,3475.7557999999995
627,1053607500.0,3353.8758000000007
628,1053608400.0,2993.9425999999994
629,1053609300.0,2566.5947999999994
630,1053610200.0,2792.9483999999998
631,1053611100.0,2474.295999999999
632,1053612000.0,2406.678999999999
633,1053612900.0,2582.8505999999998
634,1053613800.0,2606.599600000001
635,1053614700.0,2433.9216000000015
636,1053615600.0,2395.1598000000013
637,1053616500.0,2090.4664000000002
638,1053617400.0,1775.0436000000002
639,1053618300.0,1896.4131999999997
640,1053619200.0,1863.2085999999995
641,1053620100.0,1626.4556
642,1053621000.0,1049.8113999999994
643,1053621900.0,1050.2030000000007
644,1053622800.0,973.4449999999998
645,1053623700.0,818.4330000000002
646,1053624600.0,545.1908000000004
647,1053625500.0,530.9942000000001
648,1053626400.0,516.7580000000002
649,1053627300.0,408.01419999999996
650,1053628200.0,308.715
651,1053629100.0,261.2984
652,1053630000.0,196.24879999999993
653,1053630900.0,91.96440000000004
654,1053631800.0,77.98559999999999
655,1053632700.0,46.09000000000001
656,1053633600.0,17.6264
657,1053634500.0,5.313
658,1053635400.0,0.5720000000000001
659,1053636300.0,0.27060000000000006
660,1053637200.0,0.0528
661,1053638100.0,0.0
662,1053639000.0,0.0
663,1053639900.0,0.0
664,1053640800.0,0.2882
665,1053641700.0,0.055
666,1053642600.0,0.055
667,1053643500.0,0.0264
668,1053644400.0,0.0264
669,1053645300.0,0.15180000000000002
670,1053646200.0,0.7942000000000001
671,1053647100.0,0.1716
672,1053648000.0,1.3816
673,1053648900.0,0.9328
674,1053649800.0,1.683
675,1053650700.0,0.9196
676,1053651600.0,2.3803999999999994
677,1053652500.0,2.8093999999999992
678,1053653400.0,6.283200000000001
679,1053654300.0,11.882200000000005
680,1053655200.0,23.480600000000003
681,1053656100.0,27.16340000000001
682,1053657000.0,42.812000000000026
683,1053657900.0,80.16580000000003
684,1053658800.0,89.0978
685,1053659700.0,100.6434
686,1053660600.0,117.70879999999997
687,1053661500.0,154.97679999999994
688,1053662400.0,195.10260000000002
689,1053663300.0,235.65079999999995
690,1053664200.0,260.82540000000006
691,1053665100.0,299.01300000000003
692,1053666000.0,308.29920000000004
693,1053666900.0,315.8385999999999
694,1053667800.0,307.2982
695,1053668700.0,389.7982
696,1053669600.0,379.13700000000006
697,1053670500.0,403.6604
698,1053671400.0,426.8242000000001
699,1053672300.0,458.66479999999973
700,1053673200.0,554.1799999999998
701,1053674100.0,568.8979999999997
702,1053675000.0,696.9115999999999
703,1053675900.0,852.9003999999998
704,1053676800.0,768.6932000000002
705,1053677700.0,715.7238000000003
706,1053678600.0,750.4376
707,1053679500.0,763.1667999999997
708,1053680400.0,820.0895999999997
709,1053681300.0,876.9177999999996
710,1053682200.0,905.3439999999999
711,1053683100.0,987.9825999999997
712,1053684000.0,972.9609999999994
713,1053684900.0,992.5079999999996
714,1053685800.0,981.6157999999995
715,1053686700.0,1149.7794000000001
716,1053687600.0,1299.0933999999997
717,1053688500.0,1330.3422
718,1053689400.0,1847.945
719,1053690300.0,1966.349
720,1053691200.0,1913.2981999999995
721,1053692100.0,1892.384999999999
722,1053693000.0,1891.6435999999997
723,1053693900.0,2157.8260000000005
724,1053694800.0,2354.965800000001
725,1053695700.0,2837.9735999999994
726,1053696600.0,2878.3017999999997
727,1053697500.0,2834.4822
728,1053698400.0,2059.6774
729,1053699300.0,2035.8315999999995
730,1053700200.0,1766.0961999999997
731,1053701100.0,2051.5703999999996
732,1053702000.0,2369.972
733,1053702900.0,1733.005999999999
734,1053703800.0,1549.6403999999989
735,1053704700.0,1357.0348000000001
736,1053705600.0,1342.6864
737,1053706500.0,1212.8930000000003
738,1053707400.0,1027.4660000000001
739,1053708300.0,863.2767000000002
740,1053709200.0,736.4533000000001
741,1053710100.0,595.914
742,1053711000.0,514.9188000000001
743,1053711900.0,426.6943999999998
744,1053712800.0,311.5398
745,1053713700.0,230.417
746,1053714600.0,221.0317999999999
747,1053715500.0,213.13599999999994
748,1053716400.0,166.21
749,1053717300.0,86.6514
750,1053718200.0,57.82919999999999
751,1053719100.0,34.938199999999995
752,1053720000.0,19.5668
753,1053720900.0,3.894
754,1053721800.0,0.539
755,1053722700.0,0.33879999999999993
756,1053723600.0,0.0066
757,1053724500.0,0.0
758,1053725400.0,0.0
759,1053726300.0,0.0
760,1053727200.0,0.1826
761,1053728100.0,0.6776000000000001
762,1053729000.0,0.5896000000000001
763,1053729900.0,0.44
764,1053730800.0,0.4422
765,1053731700.0,0.7941999999999997
766,1053732600.0,0.8932000000000001
767,1053733500.0,1.0339999999999998
768,1053820800.0,0.9525999999999999
769,1053821700.0,1.2913999999999999
770,1053822600.0,1.5796000000000001
771,1053823500.0,1.2386
772,1053824400.0,2.5013999999999994
773,1053825300.0,5.6606
774,1053826200.0,15.782799999999993
775,1053827100.0,21.190400000000004
776,1053828000.0,83.13359999999997
777,1053828900.0,104.81019999999997
778,1053829800.0,118.30500000000002
779,1053830700.0,133.8304
780,1053831600.0,179.50460000000004
781,1053832500.0,240.9594
782,1053833400.0,261.481
783,1053834300.0,316.42159999999996
784,1053835200.0,459.3402
785,1053836100.0,590.1192000000001
786,1053837000.0,649.0176000000004
787,1053837900.0,683.4993000000002
788,1053838800.0,970.1537999999996
789,1053839700.0,1307.0134
790,1053840600.0,1390.1910000000003
791,1053841500.0,1287.7304000000004
792,1053842400.0,1323.7202000000002
793,1053843300.0,1359.886
794,1053844200.0,1564.5454
795,1053845100.0,1768.1796
796,1053846000.0,1912.7614000000008
797,1053846900.0,2335.269199999999
798,1053847800.0,2739.950399999998
799,1053848700.0,2783.6204
800,1053849600.0,2794.8008
801,1053850500.0,2837.8218000000006
802,1053851400.0,2696.370599999999
803,1053852300.0,2911.8011999999994
804,1053853200.0,2786.9357999999984
805,1053854100.0,2874.2956
806,1053855000.0,2675.9985999999994
807,1053855900.0,2850.5686
808,1053856800.0,2893.0373999999997
809,1053857700.0,2853.0260000000003
810,1053858600.0,2984.2098000000015
811,1053859500.0,2890.751600000002
812,1053860400.0,2872.6896
813,1053861300.0,2667.8563999999997
814,1053862200.0,2878.0334
815,1053863100.0,2814.9967999999994
816,1053864000.0,2699.149199999998
817,1053864900.0,2870.896600000001
818,1053865800.0,2849.9921999999997
819,1053866700.0,2819.8676000000005
820,1053867600.0,2742.431999999999
821,1053868500.0,2257.8314
822,1053869400.0,2209.7416
823,1053870300.0,2281.5363999999995
824,1053871200.0,2326.8893999999996
825,1053872100.0,2331.3245999999995
826,1053873000.0,2412.8235999999997
827,1053873900.0,2108.6802
828,1053874800.0,1691.2434000000003
829,1053875700.0,1389.5178
830,1053876600.0,1355.5409999999997
831,1053877500.0,1140.1037999999999
832,1053878400.0,1211.8721999999998
833,1053879300.0,1103.0117999999993
834,1053880200.0,943.2169999999999
835,1053881100.0,678.5878000000001
836,1053882000.0,554.8686000000002
837,1053882900.0,460.922
838,1053883800.0,391.8177999999999
839,1053884700.0,232.57520000000008
840,1053885600.0,220.32119999999995
841,1053886500.0,222.51899999999998
842,1053887400.0,224.02380000000002
843,1053888300.0,123.15379999999999
844,1053889200.0,66.12320000000001
845,1053890100.0,59.08540000000003
846,1053891000.0,18.035600000000006
847,1053891900.0,11.989999999999998
848,1053892800.0,5.4208000000000025
849,1053893700.0,0.7347999999999998
850,1053894600.0,0.13420000000000004
851,1053895500.0,0.1584
852,1053896400.0,0.099
853,1053897300.0,0.0264
854,1053898200.0,0.0
855,1053899100.0,0.0
856,1053900000.0,0.0
857,1053900900.0,0.011000000000000001
858,1053901800.0,0.0968
859,1053902700.0,0.4224
860,1053903600.0,0.4224
861,1053904500.0,1.0956000000000001
862,1053905400.0,0.9658
863,1053906300.0,0.9569999999999999
864,1053993600.0,0.8183999999999999
865,1053994500.0,1.4651999999999998
866,1053995400.0,1.0801999999999998
867,1053996300.0,0.9261999999999999
868,1053997200.0,2.717
869,1053998100.0,5.4714
870,1053999000.0,19.408399999999997
871,1053999900.0,24.307800000000007
872,1054000800.0,38.49340000000001
873,1054001700.0,58.720200000000006
874,1054002600.0,78.43440000000001
875,1054003500.0,105.44159999999997
876,1054004400.0,146.00080000000003
877,1054005300.0,164.62819999999996
878,1054006200.0,180.14700000000002
879,1054007100.0,236.59680000000003
880,1054008000.0,275.5742000000001
881,1054008900.0,363.1144000000001
882,1054009800.0,356.81580000000025
883,1054010700.0,363.0220000000003
884,1054011600.0,375.90080000000023
885,1054012500.0,375.6742000000002
886,1054013400.0,355.5178000000002
887,1054014300.0,363.6358000000002
888,1054015200.0,461.0320000000001
889,1054016100.0,754.9014000000002
890,1054017000.0,1028.3613999999995
891,1054017900.0,933.526
892,1054018800.0,922.8933999999995
893,1054019700.0,971.9797999999998
894,1054020600.0,1084.3865999999996
895,1054021500.0,1430.3013999999998
896,1054022400.0,1865.2259999999992
897,1054023300.0,2081.9831999999997
898,1054024200.0,2343.8250000000007
899,1054025100.0,2365.4972000000002
900,1054026000.0,2389.8446
901,1054026900.0,2413.7674
902,1054027800.0,2130.7
903,1054028700.0,2046.5939999999996
904,1054029600.0,1913.1199999999994
905,1054030500.0,1517.1089999999997
906,1054031400.0,1387.3618000000001
907,1054032300.0,1486.628
908,1054033200.0,1837.2156
909,1054034100.0,1923.0529999999992
910,1054035000.0,2033.358799999999
911,1054035900.0,1926.1131999999998
912,1054036800.0,1397.4707999999996
913,1054037700.0,1206.5680000000002
914,1054038600.0,1105.1150000000005
915,1054039500.0,1066.9252000000001
916,1054040400.0,1107.3347999999999
917,1054041300.0,880.0593999999999
918,1054042200.0,942.887
919,1054043100.0,812.5062000000003
920,1054044000.0,776.1688000000004
921,1054044900.0,718.9402000000002
922,1054045800.0,742.8234000000001
923,1054046700.0,760.6060000000001
924,1054047600.0,737.2178000000001
925,1054048500.0,784.9511999999999
926,1054049400.0,851.6265999999999
927,1054050300.0,721.2832000000002
928,1054051200.0,716.5334000000003
929,1054052100.0,716.2122
930,1054053000.0,597.2097999999997
931,1054053900.0,468.1621999999997
932,1054054800.0,431.60039999999964
933,1054055700.0,408.2605999999999
934,1054056600.0,204.8816
935,1054057500.0,170.1282
936,1054058400.0,184.8924
937,1054059300.0,179.47599999999994
938,1054060200.0,124.39020000000001
939,1054061100.0,133.6434
940,1054062000.0,100.55980000000001
941,1054062900.0,76.76240000000001
942,1054063800.0,30.731800000000018
943,1054064700.0,16.869600000000002
944,1054065600.0,13.503600000000008
945,1054066500.0,3.1042000000000014
946,1054067400.0,0.16500000000000004
947,1054068300.0,0.059400000000000015
948,1054069200.0,0.07700000000000001
949,1054070100.0,0.0066
950,1054071000.0,0.0
951,1054071900.0,0.0
952,1054072800.0,0.0
953,1054073700.0,0.022000000000000002
954,1054074600.0,0.308
955,1054075500.0,0.29700000000000004
956,1054076400.0,0.275
957,1054077300.0,0.6511999999999999
958,1054078200.0,0.6511999999999999
959,1054079100.0,0.7193999999999999
960,1054080000.0,1.2055999999999998
961,1054080900.0,1.0626
962,1054081800.0,0.8799999999999999
963,1054082700.0,0.8887999999999998
964,1054083600.0,2.3495999999999997
965,1054084500.0,5.200799999999999
966,1054085400.0,13.358399999999994
967,1054086300.0,15.765200000000004
968,1054087200.0,44.69519999999999
969,1054088100.0,53.90439999999999
970,1054089000.0,77.8503
971,1054089900.0,95.29520000000002
972,1054090800.0,137.3042
973,1054091700.0,120.1288
974,1054092600.0,201.56399999999994
975,1054093500.0,233.63780000000003
976,1054094400.0,296.6787999999999
977,1054095300.0,350.108
978,1054096200.0,423.2095999999999
979,1054097100.0,682.2090000000001
980,1054098000.0,1097.6503999999995
981,1054098900.0,1234.5475999999999
982,1054099800.0,1436.7166000000004
983,1054100700.0,1321.892
984,1054101600.0,1286.6392
985,1054102500.0,1269.9609999999998
986,1054103400.0,1211.4872000000003
987,1054104300.0,1698.4660000000001
988,1054105200.0,1893.3573999999994
989,1054106100.0,2246.3979999999992
990,1054107000.0,2862.9590000000003
991,1054107900.0,2828.825999999999
992,1054108800.0,2757.8099999999995
993,1054109700.0,2695.0065999999997
994,1054110600.0,2235.8314000000005
995,1054111500.0,2026.9414000000004
996,1054112400.0,2575.0604000000008
997,1054113300.0,2271.6826000000015
998,1054114200.0,1779.1113999999995
999,1054115100.0,1805.5906000000002
1000,1054116000.0,1866.9156
1001,1054116900.0,1833.2797999999998
1002,1054117800.0,1817.1824000000008
1003,1054118700.0,1990.3928000000005
1004,1054119600.0,2275.7526000000003
1005,1054120500.0,2681.4194
1006,1054121400.0,2721.8268000000007
1007,1054122300.0,2687.2626
1008,1054123200.0,2494.179600000001
1009,1054124100.0,2464.888800000001
1010,1054125000.0,2415.5648000000006
1011,1054125900.0,2321.9702000000007
1012,1054126800.0,2153.5712000000003
1013,1054127700.0,2198.6800000000007
1014,1054128600.0,2045.5336000000002
1015,1054129500.0,2003.3904000000007
1016,1054130400.0,1910.3656000000003
1017,1054131300.0,2003.5048000000002
1018,1054132200.0,1858.3554000000001
1019,1054133100.0,1897.6232000000005
1020,1054134000.0,1898.8353999999993
1021,1054134900.0,2006.2856
1022,1054135800.0,1599.7784
1023,1054136700.0,1479.302
1024,1054137600.0,1396.4368
1025,1054138500.0,1359.5647999999994
1026,1054139400.0,1234.7984
1027,1054140300.0,1103.5485999999996
1028,1054141200.0,955.2972000000002
1029,1054142100.0,909.2621999999999
1030,1054143000.0,691.0947999999999
1031,1054143900.0,527.2674000000002
1032,1054144800.0,540.4322
1033,1054145700.0,498.5662000000001
1034,1054146600.0,406.83280000000013
1035,1054147500.0,290.2218000000002
1036,1054148400.0,231.20899999999997
1037,1054149300.0,141.90660000000003
1038,1054150200.0,81.85760000000002
1039,1054151100.0,83.8926
1040,1054152000.0,48.38900000000002
1041,1054152900.0,16.456
1042,1054153800.0,6.096200000000002
1043,1054154700.0,0.8667999999999998
1044,1054155600.0,0.38059999999999994
1045,1054156500.0,0.0066
1046,1054157400.0,0.0
1047,1054158300.0,0.0
1048,1054159200.0,0.0
1049,1054160100.0,0.0
1050,1054161000.0,0.0308
1051,1054161900.0,0.0374
1052,1054162800.0,0.0
1053,1054163700.0,0.5962
1054,1054164600.0,1.265
1055,1054165500.0,0.7414000000000001
1056,1054252800.0,1.2892
1057,1054253700.0,1.2166
1058,1054254600.0,0.9745999999999999
1059,1054255500.0,0.9702
1060,1054256400.0,7.880400000000002
1061,1054257300.0,18.264399999999995
1062,1054258200.0,22.62479999999999
1063,1054259100.0,69.64540000000002
1064,1054260000.0,67.81500000000004
1065,1054260900.0,100.11979999999996
1066,1054261800.0,124.74879999999993
1067,1054262700.0,202.4175999999999
1068,1054263600.0,202.71239999999997
1069,1054264500.0,249.59659999999997
1070,1054265400.0,286.5852
1071,1054266300.0,294.1202
1072,1054267200.0,385.21780000000007
1073,1054268100.0,573.9205999999998
1074,1054269000.0,662.6510000000002
1075,1054269900.0,697.0369999999998
1076,1054270800.0,1186.7702000000002
1077,1054271700.0,1176.6172000000004
1078,1054272600.0,1022.1595999999997
1079,1054273500.0,1256.0174
1080,1054274400.0,1214.7366000000002
1081,1054275300.0,1284.8660000000004
1082,1054276200.0,1253.0870000000004
1083,1054277100.0,1579.2809999999997
1084,1054278000.0,1818.0492
1085,1054278900.0,1703.9814000000001
1086,1054279800.0,1814.0407999999995
1087,1054280700.0,1801.0827999999995
1088,1054281600.0,1839.1648000000005
1089,1054282500.0,1947.083600000001
1090,1054283400.0,2002.9746000000007
1091,1054284300.0,2019.9476000000009
1092,1054285200.0,2157.2518000000005
1093,1054286100.0,2139.7882000000004
1094,1054287000.0,2163.7572000000005
1095,1054287900.0,2202.0130000000013
1096,1054288800.0,1971.9919999999997
1097,1054289700.0,1897.0446
1098,1054290600.0,1943.7396
1099,1054291500.0,1834.3005999999996
1100,1054292400.0,1918.8069999999998
1101,1054293300.0,2122.7491999999997
1102,1054294200.0,2097.6626000000006
1103,1054295100.0,2237.9544000000005
1104,1054296000.0,2246.2065999999995
1105,1054296900.0,2177.0276
1106,1054297800.0,2116.6904
1107,1054298700.0,1959.073600000001
1108,1054299600.0,1722.1820000000005
1109,1054300500.0,1661.6159999999998
1110,1054301400.0,1780.9902
1111,1054302300.0,1864.4076000000005
1112,1054303200.0,1686.6828000000003
1113,1054304100.0,1663.398
1114,1054305000.0,1636.4743999999998
1115,1054305900.0,1661.6996
1116,1054306800.0,1588.1096000000002
1117,1054307700.0,1623.8464000000001
1118,1054308600.0,1597.8380000000006
1119,1054309500.0,1476.472799999999
1120,1054310400.0,853.8134000000002
1121,1054311300.0,896.2667999999998
1122,1054312200.0,811.2654000000001
1123,1054313100.0,419.5906
1124,1054314000.0,432.9357999999998
1125,1054314900.0,400.9345999999997
1126,1054315800.0,378.49019999999973
1127,1054316700.0,212.78399999999993
1128,1054317600.0,226.0323999999999
1129,1054318500.0,227.34799999999987
1130,1054319400.0,171.4636
1131,1054320300.0,99.57200000000003
1132,1054321200.0,89.33319999999999
1133,1054322100.0,87.86580000000002
1134,1054323000.0,44.59399999999999
1135,1054323900.0,12.322200000000008
1136,1054324800.0,9.6866
1137,1054325700.0,3.1702000000000004
1138,1054326600.0,1.278199999999999
1139,1054327500.0,0.14959999999999998
1140,1054328400.0,0.24419999999999994
1141,1054329300.0,0.0462
1142,1054330200.0,0.0
1143,1054331100.0,0.0
1144,1054332000.0,0.0
1145,1054332900.0,0.0902
1146,1054333800.0,0.0902
1147,1054334700.0,0.3784
1148,1054335600.0,0.3784
1149,1054336500.0,1.8766
1150,1054337400.0,1.8237999999999999
1151,1054338300.0,1.672
1152,1054425600.0,0.9723999999999997
1153,1054426500.0,1.0449999999999997
1154,1054427400.0,0.9789999999999999
1155,1054428300.0,1.0075999999999998
1156,1054429200.0,5.781600000000001
1157,1054430100.0,15.62
1158,1054431000.0,32.90979999999999
1159,1054431900.0,53.655800000000006
1160,1054432800.0,88.43119999999998
1161,1054433700.0,115.16999999999996
1162,1054434600.0,180.3538000000001
1163,1054435500.0,211.64879999999997
1164,1054436400.0,246.45940000000002
1165,1054437300.0,257.7652
1166,1054438200.0,320.8832
1167,1054439100.0,412.34599999999983
1168,1054440000.0,508.5542
1169,1054440900.0,591.9914000000001
1170,1054441800.0,618.5124
1171,1054442700.0,663.0734000000004
1172,1054443600.0,881.1791999999998
1173,1054444500.0,1106.2612000000001
1174,1054445400.0,1020.8638000000001
1175,1054446300.0,843.9398
1176,1054447200.0,1234.4002000000005
1177,1054448100.0,1913.4257999999993
1178,1054449000.0,1986.1489999999997
1179,1054449900.0,1916.1537999999994
1180,1054450800.0,2082.168
1181,1054451700.0,2321.3784
1182,1054452600.0,1979.5313999999998
1183,1054453500.0,2046.4092000000005
1184,1054454400.0,2012.6304
1185,1054455300.0,2108.546
1186,1054456200.0,2074.7826000000005
1187,1054457100.0,2080.1858000000007
1188,1054458000.0,2179.6852
1189,1054458900.0,2275.1366000000007
1190,1054459800.0,2515.2182000000007
1191,1054460700.0,2355.474
1192,1054461600.0,2253.9154000000012
1193,1054462500.0,2272.234800000001
1194,1054463400.0,2457.635400000002
1195,1054464300.0,2471.222600000002
1196,1054465200.0,2498.368400000002
1197,1054466100.0,2434.348400000002
1198,1054467000.0,2250.0918000000006
1199,1054467900.0,2412.388000000001
1200,1054468800.0,2415.272200000001
1201,1054469700.0,2134.0308
1202,1054470600.0,1823.2192000000005
1203,1054471500.0,1843.9652000000008
1204,1054472400.0,1803.9098000000006
1205,1054473300.0,1722.3250000000005
1206,1054474200.0,1920.5890000000009
1207,1054475100.0,1844.5042000000003
1208,1054476000.0,1762.8886000000005
1209,1054476900.0,1616.9252000000006
1210,1054477800.0,1717.2364000000005
1211,1054478700.0,1733.4196000000004
1212,1054479600.0,1610.9148
1213,1054480500.0,1706.9866000000006
1214,1054481400.0,1497.8303999999998
1215,1054482300.0,1096.2908000000002
1216,1054483200.0,903.7644
1217,1054484100.0,981.6333999999998
1218,1054485000.0,899.7362
1219,1054485900.0,681.4874000000001
1220,1054486800.0,593.0496
1221,1054487700.0,603.1586
1222,1054488600.0,599.4097999999999
1223,1054489500.0,435.4911
1224,1054490400.0,382.3534
1225,1054491300.0,317.09479999999996
1226,1054492200.0,253.5610000000001
1227,1054493100.0,196.2884
1228,1054494000.0,183.97500000000002
1229,1054494900.0,125.9654
1230,1054495800.0,86.0332
1231,1054496700.0,67.89860000000003
1232,1054497600.0,44.2112
1233,1054498500.0,19.091600000000007
1234,1054499400.0,10.685399999999994
1235,1054500300.0,0.7369999999999999
1236,1054501200.0,0.5147999999999998
1237,1054502100.0,1.0977999999999994
1238,1054503000.0,0.29480000000000006
1239,1054503900.0,0.0264
1240,1054504800.0,0.0
1241,1054505700.0,0.0
1242,1054506600.0,0.0
1243,1054507500.0,0.0
1244,1054508400.0,0.2882
1245,1054509300.0,1.7577999999999998
1246,1054510200.0,0.9965999999999998
1247,1054511100.0,0.8008
1248,1054512000.0,0.7435999999999998
1249,1054512900.0,0.9569999999999997
1250,1054513800.0,1.0823999999999996
1251,1054514700.0,1.4520000000000002
1252,1054515600.0,8.056400000000004
1253,1054516500.0,13.633400000000004
1254,1054517400.0,24.879799999999992
1255,1054518300.0,49.84759999999999
1256,1054519200.0,68.35620000000002
1257,1054520100.0,111.86999999999996
1258,1054521000.0,122.23199999999997
1259,1054521900.0,194.16979999999992
1260,1054522800.0,245.50460000000004
1261,1054523700.0,401.54839999999996
1262,1054524600.0,546.4557999999997
1263,1054525500.0,520.6872
1264,1054526400.0,534.8683999999998
1265,1054527300.0,688.5075999999999
1266,1054528200.0,692.0386
1267,1054529100.0,674.0448
1268,1054530000.0,810.7638000000001
1269,1054530900.0,863.4823999999999
1270,1054531800.0,964.1543999999998
1271,1054532700.0,1095.6066
1272,1054533600.0,1499.1174000000008
1273,1054534500.0,1852.125000000001
1274,1054535400.0,1942.5428000000002
1275,1054536300.0,1833.433800000001
1276,1054537200.0,2078.4829999999997
1277,1054538100.0,2042.4712
1278,1054539000.0,1911.0959999999995
1279,1054539900.0,2018.9333999999994
1280,1054540800.0,2382.1226000000006
1281,1054541700.0,2543.8379999999997
1282,1054542600.0,2633.4813999999988
1283,1054543500.0,2656.269
1284,1054544400.0,2766.3701999999994
1285,1054545300.0,3031.6241999999993
1286,1054546200.0,3273.2765999999997
1287,1054547100.0,3382.8014000000007
1288,1054548000.0,3342.660199999999
1289,1054548900.0,3426.8343999999993
1290,1054549800.0,3386.2971999999995
1291,1054550700.0,3200.7668
1292,1054551600.0,2862.3386000000014
1293,1054552500.0,2540.249800000001
1294,1054553400.0,2534.177800000001
1295,1054554300.0,2521.3452
1296,1054555200.0,2294.9256000000005
1297,1054556100.0,2273.253400000001
1298,1054557000.0,2099.1586000000007
1299,1054557900.0,2009.6208000000008
1300,1054558800.0,1998.2908000000011
1301,1054559700.0,1912.020000000001
1302,1054560600.0,1803.9736000000005
1303,1054561500.0,1631.6014000000002
1304,1054562400.0,1407.7712
1305,1054563300.0,969.5928000000001
1306,1054564200.0,844.3710000000001
1307,1054565100.0,846.6282000000003
1308,1054566000.0,867.5369999999999
1309,1054566900.0,871.5014000000001
1310,1054567800.0,839.7840000000001
1311,1054568700.0,866.4018000000002
1312,1054569600.0,804.3156000000002
1313,1054570500.0,738.9250000000002
1314,1054571400.0,785.9742
1315,1054572300.0,701.4348
1316,1054573200.0,543.0281999999999
1317,1054574100.0,452.52899999999977
1318,1054575000.0,418.9415999999999
1319,1054575900.0,237.64399999999998
1320,1054576800.0,239.4039999999999
1321,1054577700.0,239.52059999999997
1322,1054578600.0,153.6568000000001
1323,1054579500.0,142.81080000000003
1324,1054580400.0,122.37719999999999
1325,1054581300.0,90.38259999999998
1326,1054582200.0,98.41480000000003
1327,1054583100.0,27.08860000000001
1328,1054584000.0,16.493400000000005
1329,1054584900.0,9.231200000000001
1330,1054585800.0,2.0745999999999993
1331,1054586700.0,0.10120000000000003
1332,1054587600.0,0.2859999999999999
1333,1054588500.0,0.19139999999999993
1334,1054589400.0,0.0308
1335,1054590300.0,0.0
1336,1054591200.0,0.0
1337,1054592100.0,0.0
1338,1054593000.0,0.0
1339,1054593900.0,0.0
1340,1054594800.0,0.0
1341,1054595700.0,0.8118
1342,1054596600.0,0.8118
1343,1054597500.0,0.9745999999999999
1344,1054598400.0,0.6863999999999999
1345,1054599300.0,0.8799999999999999
1346,1054600200.0,0.946
1347,1054601100.0,1.8898
1348,1054602000.0,5.942200000000001
1349,1054602900.0,15.078800000000001
1350,1054603800.0,24.191200000000002
1351,1054604700.0,31.119000000000007
1352,1054605600.0,37.76079999999999
1353,1054606500.0,42.477599999999995
1354,1054607400.0,58.04920000000002
1355,1054608300.0,82.54179999999998
1356,1054609200.0,89.26939999999999
1357,1054610100.0,101.2792
1358,1054611000.0,206.2016000000001
1359,1054611900.0,179.04919999999998
1360,1054612800.0,246.36699999999996
1361,1054613700.0,342.07360000000006
1362,1054614600.0,463.0098000000001
1363,1054615500.0,547.2521999999999
1364,1054616400.0,638.8514
1365,1054617300.0,736.3839999999997
1366,1054618200.0,938.7443999999999
1367,1054619100.0,923.9076000000002
1368,1054620000.0,1052.7242000000003
1369,1054620900.0,1047.046
1370,1054621800.0,1095.9058000000005
1371,1054622700.0,1072.9994
1372,1054623600.0,1091.5652
1373,1054624500.0,1164.4006000000002
1374,1054625400.0,1147.0426
1375,1054626300.0,1162.6648
1376,1054627200.0,1158.9093999999998
1377,1054628100.0,1262.8110000000001
1378,1054629000.0,1361.8087999999998
1379,1054629900.0,1487.3451999999988
1380,1054630800.0,1606.8183999999992
1381,1054631700.0,1672.1517999999994
1382,1054632600.0,1759.549
1383,1054633500.0,1797.7674
1384,1054634400.0,1812.6635999999999
1385,1054635300.0,1929.2966000000004
1386,1054636200.0,2223.5531999999994
1387,1054637100.0,2405.8738
1388,1054638000.0,2476.005399999999
1389,1054638900.0,2262.1522000000004
1390,1054639800.0,2107.798
1391,1054640700.0,2135.2254000000003
1392,1054641600.0,2094.8443999999995
1393,1054642500.0,2144.317999999999
1394,1054643400.0,2070.0878
1395,1054644300.0,1690.9133999999997
1396,1054645200.0,1607.5465999999997
1397,1054646100.0,1496.2244
1398,1054647000.0,1509.2088000000003
1399,1054647900.0,1542.1933999999999
1400,1054648800.0,1505.493
1401,1054649700.0,1506.3311999999996
1402,1054650600.0,1457.8036000000002
1403,1054651500.0,1322.4706000000003
1404,1054652400.0,1286.3708000000001
1405,1054653300.0,1319.7448000000004
1406,1054654200.0,1274.0244
1407,1054655100.0,1000.1551999999999
1408,1054656000.0,1076.6822000000002
1409,1054656900.0,846.3642
1410,1054657800.0,800.5360000000005
1411,1054658700.0,595.9998
1412,1054659600.0,447.6384000000001
1413,1054660500.0,472.9494
1414,1054661400.0,456.06219999999985
1415,1054662300.0,300.9116
1416,1054663200.0,290.8487999999999
1417,1054664100.0,277.4859999999998
1418,1054665000.0,235.1954000000001
1419,1054665900.0,180.58700000000002
1420,1054666800.0,163.79000000000005
1421,1054667700.0,101.89740000000002
1422,1054668600.0,77.1485
1423,1054669500.0,46.78960000000001
1424,1054670400.0,27.508799999999997
1425,1054671300.0,18.079600000000006
1426,1054672200.0,5.403199999999999
1427,1054673100.0,0.17820000000000003
1428,1054674000.0,0.2662
1429,1054674900.0,0.2177999999999999
1430,1054675800.0,0.10340000000000002
1431,1054676700.0,0.0264
1432,1054677600.0,0.0
1433,1054678500.0,0.0
1434,1054679400.0,0.0
1435,1054680300.0,0.0
1436,1054681200.0,0.0
1437,1054682100.0,0.7919999999999999
1438,1054683000.0,0.7919999999999999
1439,1054683900.0,0.7347999999999999
1440,1054684800.0,0.8954
1441,1054685700.0,0.8403999999999999
1442,1054686600.0,0.9833999999999999
1443,1054687500.0,2.4925999999999986
1444,1054688400.0,7.5900000000000025
1445,1054689300.0,15.875200000000007
1446,1054690200.0,24.222
1447,1054691100.0,39.082999999999984
1448,1054692000.0,50.584599999999995
1449,1054692900.0,76.2168
1450,1054693800.0,107.73400000000001
1451,1054694700.0,137.76509999999996
1452,1054695600.0,189.15709999999993
1453,1054696500.0,223.29559999999995
1454,1054697400.0,285.3531999999999
1455,1054698300.0,371.6393999999998
1456,1054699200.0,395.4433999999998
1457,1054700100.0,446.13139999999976
1458,1054701000.0,538.6589999999999
1459,1054701900.0,679.7230000000001
1460,1054702800.0,783.3209999999998
1461,1054703700.0,805.5256000000002
1462,1054704600.0,959.5013999999995
1463,1054705500.0,888.0871999999998
1464,1054706400.0,1089.2310000000004
1465,1054707300.0,1161.3118000000002
1466,1054708200.0,1096.6538000000003
1467,1054709100.0,989.153
1468,1054710000.0,1159.1492
1469,1054710900.0,1201.2682
1470,1054711800.0,1332.2693999999997
1471,1054712700.0,1420.6059999999995
1472,1054713600.0,1717.6808000000005
1473,1054714500.0,1848.3696000000011
1474,1054715400.0,1811.7660000000005
1475,1054716300.0,1651.2474000000009
1476,1054717200.0,1904.5708000000004
1477,1054718100.0,1931.685800000001
1478,1054719000.0,1924.7162000000008
1479,1054719900.0,1945.9044000000004
1480,1054720800.0,1947.1298000000004
1481,1054721700.0,2068.5676000000003
1482,1054722600.0,2122.6194
1483,1054723500.0,2150.931200000001
1484,1054724400.0,2075.0906000000004
1485,1054725300.0,2141.4998000000014
1486,1054726200.0,2193.8290000000006
1487,1054727100.0,2223.320000000001
1488,1054728000.0,2047.3309999999997
1489,1054728900.0,2055.158599999999
1490,1054729800.0,2010.3797999999997
1491,1054730700.0,1957.131
1492,1054731600.0,2033.5611999999999
1493,1054732500.0,1963.6034000000002
1494,1054733400.0,1918.5782000000002
1495,1054734300.0,1579.1732000000002
1496,1054735200.0,1550.2542000000003
1497,1054736100.0,1443.4727999999998
1498,1054737000.0,1097.0058
1499,1054737900.0,1053.0168000000003
1500,1054738800.0,989.505
1501,1054739700.0,866.4700000000001
1502,1054740600.0,849.0283999999999
1503,1054741500.0,848.9184
1504,1054742400.0,804.3486
1505,1054743300.0,840.8488000000002
1506,1054744200.0,756.9980000000002
1507,1054745100.0,787.1754000000001
1508,1054746000.0,688.4239999999998
1509,1054746900.0,682.0879999999999
1510,1054747800.0,708.9345999999999
1511,1054748700.0,571.5808999999997
1512,1054749600.0,459.39300000000026
1513,1054750500.0,325.98830000000004
1514,1054751400.0,283.14879999999994
1515,1054752300.0,190.58820000000003
1516,1054753200.0,169.89720000000008
1517,1054754100.0,81.61559999999997
1518,1054755000.0,71.46040000000002
1519,1054755900.0,23.020799999999994
1520,1054756800.0,20.067300000000007
1521,1054757700.0,12.887600000000003
1522,1054758600.0,4.2328
1523,1054759500.0,0.13420000000000004
1524,1054760400.0,0.22439999999999993
1525,1054761300.0,0.21339999999999992
1526,1054762200.0,0.0704
1527,1054763100.0,0.0528
1528,1054764000.0,0.0
1529,1054764900.0,0.0
1530,1054765800.0,0.0
1531,1054766700.0,0.0
1532,1054767600.0,0.0
1533,1054768500.0,0.9261999999999999
1534,1054769400.0,0.7303999999999999
1535,1054770300.0,0.8337999999999998
1536,1054857600.0,0.7699999999999999
1537,1054858500.0,0.7655999999999998
1538,1054859400.0,0.9305999999999999
1539,1054860300.0,3.975399999999999
1540,1054861200.0,10.828399999999998
1541,1054862100.0,16.6034
1542,1054863000.0,21.63480000000001
1543,1054863900.0,33.791999999999994
1544,1054864800.0,43.0364
1545,1054865700.0,79.05040000000002
1546,1054866600.0,110.76340000000008
1547,1054867500.0,125.14700000000006
1548,1054868400.0,144.50700000000003
1549,1054869300.0,206.1202
1550,1054870200.0,199.90299999999996
1551,1054871100.0,253.05720000000005
1552,1054872000.0,302.28
1553,1054872900.0,437.20600000000013
1554,1054873800.0,401.50660000000005
1555,1054874700.0,500.4867999999999
1556,1054875600.0,736.1441999999998
1557,1054876500.0,699.6616000000001
1558,1054877400.0,720.7024000000002
1559,1054878300.0,696.6167999999998
1560,1054879200.0,665.9048000000001
1561,1054880100.0,716.3530000000002
1562,1054881000.0,682.8272000000003
1563,1054881900.0,732.0170000000004
1564,1054882800.0,786.1788000000004
1565,1054883700.0,848.4300000000002
1566,1054884600.0,877.0476
1567,1054885500.0,919.7341999999999
1568,1054886400.0,974.0235999999998
1569,1054887300.0,955.2333999999998
1570,1054888200.0,976.0915999999996
1571,1054889100.0,1035.0889999999997
1572,1054890000.0,1150.8881999999999
1573,1054890900.0,1238.1907999999996
1574,1054891800.0,1292.5374000000004
1575,1054892700.0,1421.4376000000004
1576,1054893600.0,1739.7160000000001
1577,1054894500.0,1833.8099999999997
1578,1054895400.0,1950.8653999999995
1579,1054896300.0,2053.92
1580,1054897200.0,2018.0732
1581,1054898100.0,2001.606199999999
1582,1054899000.0,1812.9451999999992
1583,1054899900.0,1901.2465999999995
1584,1054900800.0,2008.4679999999994
1585,1054901700.0,2066.6623999999993
1586,1054902600.0,2164.2324
1587,1054903500.0,1997.4328
1588,1054904400.0,1905.8841999999995
1589,1054905300.0,1947.2992
1590,1054906200.0,2181.8412
1591,1054907100.0,1953.5317999999997
1592,1054908000.0,1714.7856000000002
1593,1054908900.0,1689.9278000000004
1594,1054909800.0,1563.5905999999998
1595,1054910700.0,1440.4675999999997
1596,1054911600.0,1336.4163999999998
1597,1054912500.0,1103.7818
1598,1054913400.0,897.8815999999997
1599,1054914300.0,1046.1638000000003
1600,1054915200.0,868.2762000000001
1601,1054916100.0,1058.596
1602,1054917000.0,971.74
1603,1054917900.0,849.1010000000001
1604,1054918800.0,601.8518000000001
1605,1054919700.0,607.4266
1606,1054920600.0,628.3485999999998
1607,1054921500.0,590.4294000000002
1608,1054922400.0,470.8154000000002
1609,1054923300.0,402.44160000000005
1610,1054924200.0,381.7616
1611,1054925100.0,222.7500000000001
1612,1054926000.0,208.07820000000015
1613,1054926900.0,205.0421999999999
1614,1054927800.0,125.93680000000003
1615,1054928700.0,76.86360000000002
1616,1054929600.0,76.73160000000001
1617,1054930500.0,47.44519999999999
1618,1054931400.0,17.164399999999997
1619,1054932300.0,7.616400000000002
1620,1054933200.0,0.38060000000000005
1621,1054934100.0,0.363
1622,1054935000.0,1.5994
1623,1054935900.0,0.0594
1624,1054936800.0,2.2483999999999997
1625,1054937700.0,0.0
1626,1054938600.0,0.0
1627,1054939500.0,0.0
1628,1054940400.0,0.0
1629,1054941300.0,1.1682
1630,1054942200.0,1.1198000000000001
1631,1054943100.0,1.2231999999999998
1632,1055116800.0,1.9074
1633,1055117700.0,1.9118000000000002
1634,1055118600.0,5.8982
1635,1055119500.0,9.642599999999998
1636,1055120400.0,30.771400000000003
1637,1055121300.0,58.85440000000003
1638,1055122200.0,90.17799999999995
1639,1055123100.0,142.0121999999999
1640,1055124000.0,160.3624
1641,1055124900.0,194.07739999999998
1642,1055125800.0,236.87839999999997
1643,1055126700.0,328.50179999999983
1644,1055127600.0,483.11999999999995
1645,1055128500.0,673.8358000000001
1646,1055129400.0,851.8114000000003
1647,1055130300.0,644.0566000000002
1648,1055131200.0,746.6535999999998
1649,1055132100.0,893.1823999999998
1650,1055133000.0,1286.1904000000004
1651,1055133900.0,1494.6602000000007
1652,1055134800.0,1755.6000000000004
1653,1055135700.0,2043.835199999999
1654,1055136600.0,2105.756399999999
1655,1055137500.0,2360.2832
1656,1055138400.0,3146.8909999999987
1657,1055139300.0,3259.3902000000007
1658,1055140200.0,3440.639400000002
1659,1055141100.0,3527.0708000000013
1660,1055142000.0,3213.7203999999992
1661,1055142900.0,2994.9106
1662,1055143800.0,3099.533799999999
1663,1055144700.0,3178.500599999998
1664,1055145600.0,3344.8491999999983
1665,1055146500.0,3668.0115999999994
1666,1055147400.0,3813.6141999999986
1667,1055148300.0,3895.9711999999995
1668,1055149200.0,3890.0685999999987
1669,1055150100.0,3906.575199999999
1670,1055151000.0,3906.179199999999
1671,1055151900.0,3859.4225999999985
1672,1055152800.0,3933.0763999999986
1673,1055153700.0,3960.6292000000003
1674,1055154600.0,3973.6422000000002
1675,1055155500.0,3970.1706000000004
1676,1055156400.0,3924.5404000000003
1677,1055157300.0,3749.8603999999996
1678,1055158200.0,3752.612600000001
1679,1055159100.0,3751.7876000000015
1680,1055160000.0,3620.518000000001
1681,1055160900.0,3822.467
1682,1055161800.0,3714.1147999999994
1683,1055162700.0,3720.703799999999
1684,1055163600.0,3943.9312
1685,1055164500.0,3492.4736000000003
1686,1055165400.0,3328.936600000001
1687,1055166300.0,3292.7136000000005
1688,1055167200.0,3459.359200000002
1689,1055168100.0,3359.6376000000014
1690,1055169000.0,3189.0869999999995
1691,1055169900.0,3048.0493999999994
1692,1055170800.0,2944.0092000000004
1693,1055171700.0,2699.745400000001
1694,1055172600.0,2221.6897999999997
1695,1055173500.0,2196.3413999999993
1696,1055174400.0,2151.5142000000005
1697,1055175300.0,2066.8648000000003
1698,1055176200.0,1782.5103999999994
1699,1055177100.0,1559.6503999999998
1700,1055178000.0,1220.2036
1701,1055178900.0,1056.4840000000006
1702,1055179800.0,970.1317999999999
1703,1055180700.0,600.4394000000003
1704,1055181600.0,621.7706000000002
1705,1055182500.0,538.0782
1706,1055183400.0,529.8524000000001
1707,1055184300.0,449.064
1708,1055185200.0,360.48539999999986
1709,1055186100.0,287.2077999999999
1710,1055187000.0,221.59939999999997
1711,1055187900.0,176.57640000000015
1712,1055188800.0,124.02279999999992
1713,1055189700.0,96.37099999999998
1714,1055190600.0,57.4618
1715,1055191500.0,17.699
1716,1055192400.0,2.331999999999999
1717,1055193300.0,1.0647999999999993
1718,1055194200.0,0.40480000000000005
1719,1055195100.0,0.0264
1720,1055196000.0,0.0
1721,1055196900.0,0.0
1722,1055197800.0,0.0
1723,1055198700.0,0.0
1724,1055199600.0,0.0
1725,1055200500.0,0.0
1726,1055201400.0,0.6424
1727,1055202300.0,0.7875999999999999
1728,1055289600.0,2.8622
1729,1055290500.0,1.6016000000000004
1730,1055291400.0,5.733199999999999
1731,1055292300.0,8.401799999999998
1732,1055293200.0,32.128799999999984
1733,1055294100.0,63.30940000000005
1734,1055295000.0,95.28639999999996
1735,1055295900.0,167.22200000000004
1736,1055296800.0,157.2692
1737,1055297700.0,239.02560000000003
1738,1055298600.0,255.4882
1739,1055299500.0,332.7323999999999
1740,1055300400.0,539.1957999999996
1741,1055301300.0,759.0088000000002
1742,1055302200.0,775.4978
1743,1055303100.0,829.7167999999999
1744,1055304000.0,954.2763999999994
1745,1055304900.0,746.4644000000002
1746,1055305800.0,981.8754000000002
1747,1055306700.0,1146.4090000000003
1748,1055307600.0,1322.0812000000005
1749,1055308500.0,1628.3563999999997
1750,1055309400.0,2169.1450000000004
1751,1055310300.0,2220.5458
1752,1055311200.0,2312.162599999999
1753,1055312100.0,2622.7718
1754,1055313000.0,2531.4761999999996
1755,1055313900.0,2571.5271999999995
1756,1055314800.0,2642.8864000000003
1757,1055315700.0,3549.2864000000013
1758,1055316600.0,3836.342400000001
1759,1055317500.0,4131.494400000001
1760,1055318400.0,4218.5307999999995
1761,1055319300.0,4164.0038
1762,1055320200.0,3993.0902
1763,1055321100.0,4086.330600000001
1764,1055322000.0,3975.1448
1765,1055322900.0,3197.831999999999
1766,1055323800.0,3264.078399999998
1767,1055324700.0,3260.496799999998
1768,1055325600.0,3332.7051999999985
1769,1055326500.0,3296.4843999999994
1770,1055327400.0,3253.0475999999994
1771,1055328300.0,3554.8678000000004
1772,1055329200.0,3725.1412000000005
1773,1055330100.0,2764.372599999999
1774,1055331000.0,2392.0512000000003
1775,1055331900.0,2393.8046
1776,1055332800.0,2090.1957999999995
1777,1055333700.0,2079.946000000001
1778,1055334600.0,2020.8672000000004
1779,1055335500.0,1801.518400000001
1780,1055336400.0,1532.852200000001
1781,1055337300.0,1465.915
1782,1055338200.0,1429.4918000000002
1783,1055339100.0,1394.9979999999998
1784,1055340000.0,1371.6273999999996
1785,1055340900.0,1300.3672
1786,1055341800.0,1275.1243999999997
1787,1055342700.0,1268.5199999999998
1788,1055343600.0,1299.2078
1789,1055344500.0,1303.9906000000003
1790,1055345400.0,1334.0954000000004
1791,1055346300.0,1194.5186
1792,1055347200.0,1392.5318
1793,1055348100.0,1437.1632000000004
1794,1055349000.0,1349.1830000000002
1795,1055349900.0,1117.6352
1796,1055350800.0,938.1063999999996
1797,1055351700.0,769.3773999999997
1798,1055352600.0,569.3204000000003
1799,1055353500.0,415.5646
1800,1055354400.0,274.43680000000006
1801,1055355300.0,291.55720000000014
1802,1055356200.0,221.02960000000002
1803,1055357100.0,213.16679999999997
1804,1055358000.0,212.8236000000001
1805,1055358900.0,126.47359999999999
1806,1055359800.0,100.48060000000001
1807,1055360700.0,72.48779999999998
1808,1055361600.0,47.123999999999995
1809,1055362500.0,28.06539999999999
1810,1055363400.0,15.727800000000007
1811,1055364300.0,8.052000000000003
1812,1055365200.0,3.9996000000000005
1813,1055366100.0,1.2033999999999994
1814,1055367000.0,1.8237999999999992
1815,1055367900.0,0.1782
1816,1055368800.0,0.07919999999999999
1817,1055369700.0,2.8313999999999995
1818,1055370600.0,0.0528
1819,1055371500.0,0.0528
1820,1055372400.0,0.0264
1821,1055373300.0,0.0264
1822,1055374200.0,0.7875999999999999
1823,1055375100.0,0.7853999999999999
1824,1055462400.0,0.5059999999999999
1825,1055463300.0,0.7391999999999999
1826,1055464200.0,4.0832
1827,1055465100.0,8.157599999999997
1828,1055466000.0,12.2254
1829,1055466900.0,19.35120000000001
1830,1055467800.0,30.474400000000006
1831,1055468700.0,42.204800000000006
1832,1055469600.0,75.94400000000002
1833,1055470500.0,185.27959999999996
1834,1055471400.0,167.60699999999997
1835,1055472300.0,197.98680000000004
1836,1055473200.0,250.7009999999998
1837,1055474100.0,307.9560000000002
1838,1055475000.0,342.793
1839,1055475900.0,414.2269999999998
1840,1055476800.0,519.0415999999999
1841,1055477700.0,750.9392000000001
1842,1055478600.0,815.0758000000003
1843,1055479500.0,950.8773999999997
1844,1055480400.0,1209.8833999999997
1845,1055481300.0,1418.2344000000003
1846,1055482200.0,1468.9422
1847,1055483100.0,1411.9028
1848,1055484000.0,2298.0231999999987
1849,1055484900.0,2807.9237999999996
1850,1055485800.0,2966.1544000000013
1851,1055486700.0,3214.281400000001
1852,1055487600.0,3289.8778000000007
1853,1055488500.0,3786.3716000000004
1854,1055489400.0,3984.6135999999988
1855,1055490300.0,3623.6464000000005
1856,1055491200.0,3706.7690000000007
1857,1055492100.0,3737.5008000000003
1858,1055493000.0,3926.0759999999996
1859,1055493900.0,4215.9436
1860,1055494800.0,3295.8749999999986
1861,1055495700.0,3321.1331999999993
1862,1055496600.0,3277.6810000000005
1863,1055497500.0,3389.559799999998
1864,1055498400.0,3771.141000000002
1865,1055499300.0,3642.1506000000004
1866,1055500200.0,2854.0621999999985
1867,1055501100.0,2874.805999999999
1868,1055502000.0,3179.3541999999998
1869,1055502900.0,3341.7515999999996
1870,1055503800.0,3483.9441999999985
1871,1055504700.0,3490.6079999999997
1872,1055505600.0,3475.3927999999987
1873,1055506500.0,3703.3655999999983
1874,1055507400.0,3644.3307999999984
1875,1055508300.0,3659.1213999999973
1876,1055509200.0,3888.739799999998
1877,1055510100.0,3477.1197999999986
1878,1055511000.0,3300.893199999999
1879,1055511900.0,3307.6053999999986
1880,1055512800.0,3647.503200000001
1881,1055513700.0,3461.488800000002
1882,1055514600.0,3149.216400000001
1883,1055515500.0,3112.7448000000004
1884,1055516400.0,2977.6560000000004
1885,1055517300.0,2917.2616000000016
1886,1055518200.0,2561.8252000000007
1887,1055519100.0,2213.400199999999
1888,1055520000.0,2146.6895999999997
1889,1055520900.0,2091.8986000000004
1890,1055521800.0,2024.5280000000005
1891,1055522700.0,1635.3546
1892,1055523600.0,1235.3770000000004
1893,1055524500.0,1115.015
1894,1055525400.0,987.5755999999997
1895,1055526300.0,756.3248
1896,1055527200.0,622.7056000000005
1897,1055528100.0,547.6064000000001
1898,1055529000.0,503.9165999999999
1899,1055529900.0,443.12620000000004
1900,1055530800.0,367.5715999999999
1901,1055531700.0,301.19979999999987
1902,1055532600.0,248.3645999999999
1903,1055533500.0,179.09980000000007
1904,1055534400.0,125.02379999999994
1905,1055535300.0,95.72200000000008
1906,1055536200.0,63.47000000000002
1907,1055537100.0,25.02279999999999
1908,1055538000.0,10.320200000000007
1909,1055538900.0,1.955799999999999
1910,1055539800.0,2.1273999999999997
1911,1055540700.0,1.6477999999999993
1912,1055541600.0,0.19140000000000001
1913,1055542500.0,3.121799999999999
1914,1055543400.0,1.3617999999999995
1915,1055544300.0,1.3089999999999997
1916,1055545200.0,1.3089999999999997
1917,1055546100.0,1.2826
1918,1055547000.0,2.926
1919,1055547900.0,2.8622
1920,1055548800.0,0.5192
1921,1055549700.0,2.9106000000000005
1922,1055550600.0,6.069800000000002
1923,1055551500.0,13.0746
1924,1055552400.0,28.932199999999995
1925,1055553300.0,67.309
1926,1055554200.0,85.06300000000003
1927,1055555100.0,105.77379999999998
1928,1055556000.0,126.17879999999997
1929,1055556900.0,270.0808000000001
1930,1055557800.0,254.70720000000009
1931,1055558700.0,293.2600000000001
1932,1055559600.0,349.43920000000014
1933,1055560500.0,539.297
1934,1055561400.0,621.6210000000001
1935,1055562300.0,688.8903999999999
1936,1055563200.0,842.8177999999998
1937,1055564100.0,1049.8003999999999
1938,1055565000.0,1240.3665999999998
1939,1055565900.0,1375.3123999999998
1940,1055566800.0,1674.0438000000004
1941,1055567700.0,1960.5167999999999
1942,1055568600.0,2080.5157999999997
1943,1055569500.0,2176.4269999999997
1944,1055570400.0,2745.5581999999995
1945,1055571300.0,3078.5678000000016
1946,1055572200.0,3286.5778000000005
1947,1055573100.0,3317.9497999999994
1948,1055574000.0,3322.2155999999995
1949,1055574900.0,3021.7308000000007
1950,1055575800.0,3046.9626000000003
1951,1055576700.0,3160.123999999999
1952,1055577600.0,3225.125199999999
1953,1055578500.0,3271.2811999999994
1954,1055579400.0,3811.6474
1955,1055580300.0,3908.4496000000004
1956,1055581200.0,3879.6119999999996
1957,1055582100.0,3881.9418
1958,1055583000.0,3887.6684000000005
1959,1055583900.0,3862.7181999999993
1960,1055584800.0,3928.491599999998
1961,1055585700.0,3929.085599999999
1962,1055586600.0,3921.6253999999985
1963,1055587500.0,3892.7481999999977
1964,1055588400.0,3852.188999999999
1965,1055589300.0,3682.3864000000003
1966,1055590200.0,3675.724800000001
1967,1055591100.0,3662.6128000000003
1968,1055592000.0,3559.1445999999983
1969,1055592900.0,3776.6542
1970,1055593800.0,3721.288999999999
1971,1055594700.0,3682.9429999999993
1972,1055595600.0,3944.5516000000002
1973,1055596500.0,3509.0242
1974,1055597400.0,3344.4399999999996
1975,1055598300.0,3286.6701999999996
1976,1055599200.0,3517.7428000000014
1977,1055600100.0,3389.5730000000012
1978,1055601000.0,3171.8412
1979,1055601900.0,3096.5022000000004
1980,1055602800.0,2971.1176
1981,1055603700.0,2873.4200000000005
1982,1055604600.0,2449.7198000000003
1983,1055605500.0,2171.6222
1984,1055606400.0,2089.5644
1985,1055607300.0,2058.4783999999995
1986,1055608200.0,1990.5467999999998
1987,1055609100.0,1728.1197999999997
1988,1055610000.0,1235.5838
1989,1055610900.0,1048.7751999999996
1990,1055611800.0,981.0481999999996
1991,1055612700.0,800.5315999999999
1992,1055613600.0,615.4676000000004
1993,1055614500.0,527.1222000000002
1994,1055615400.0,492.1598000000004
1995,1055616300.0,478.5264000000001
1996,1055617200.0,353.1000000000001
1997,1055618100.0,301.69039999999984
1998,1055619000.0,252.23220000000012
1999,1055619900.0,187.03519999999997
2000,1055620800.0,128.79239999999996
2001,1055621700.0,91.5706
2002,1055622600.0,76.10240000000005
2003,1055623500.0,22.891
2004,1055624400.0,9.750400000000006
2005,1055625300.0,2.301199999999998
2006,1055626200.0,0.6665999999999995
2007,1055627100.0,1.6345999999999998
2008,1055628000.0,0.0308
2009,1055628900.0,1.6434
2010,1055629800.0,0.0
2011,1055630700.0,0.0
2012,1055631600.0,0.0
2013,1055632500.0,0.0
2014,1055633400.0,0.47519999999999996
2015,1055634300.0,0.47519999999999996
2016,1055894400.0,0.9987999999999999
2017,1055895300.0,4.9037999999999995
2018,1055896200.0,8.223600000000001
2019,1055897100.0,12.007599999999998
2020,1055898000.0,26.169000000000004
2021,1055898900.0,61.7562
2022,1055899800.0,84.25120000000001
2023,1055900700.0,123.78959999999998
2024,1055901600.0,139.37439999999992
2025,1055902500.0,146.07119999999998
2026,1055903400.0,258.9048000000001
2027,1055904300.0,300.1482000000001
2028,1055905200.0,346.17879999999997
2029,1055906100.0,555.9070000000002
2030,1055907000.0,636.7504
2031,1055907900.0,735.4973999999995
2032,1055908800.0,838.8643999999995
2033,1055909700.0,970.4001999999996
2034,1055910600.0,1277.4805999999996
2035,1055911500.0,1419.5390000000004
2036,1055912400.0,1471.5404
2037,1055913300.0,1749.4004000000007
2038,1055914200.0,2013.5104000000006
2039,1055915100.0,2142.0762
2040,1055916000.0,2048.070199999999
2041,1055916900.0,2890.4303999999997
2042,1055917800.0,3314.9049999999984
2043,1055918700.0,3281.819199999998
2044,1055919600.0,3453.4939999999992
2045,1055920500.0,3054.924399999999
2046,1055921400.0,3050.0382
2047,1055922300.0,3191.337599999999
2048,1055923200.0,3245.2485999999994
2049,1055924100.0,3136.700599999999
2050,1055925000.0,3668.7397999999994
2051,1055925900.0,3815.1784000000002
2052,1055926800.0,3862.9426000000008
2053,1055927700.0,3908.4012000000016
2054,1055928600.0,3896.699400000002
2055,1055929500.0,3893.6194000000014
2056,1055930400.0,3921.0072000000014
2057,1055931300.0,3850.3894000000014
2058,1055932200.0,3739.9648
2059,1055933100.0,3462.9430000000007
2060,1055934000.0,2972.3891999999987
2061,1055934900.0,2852.8785999999986
2062,1055935800.0,2702.4975999999997
2063,1055936700.0,3232.3940000000002
2064,1055937600.0,3079.9053999999996
2065,1055938500.0,2682.460000000001
2066,1055939400.0,2395.2962000000007
2067,1055940300.0,3253.604200000001
2068,1055941200.0,3142.9464000000003
2069,1055942100.0,2858.4247999999993
2070,1055943000.0,3002.003400000001
2071,1055943900.0,2792.8097999999986
2072,1055944800.0,2882.4949999999994
2073,1055945700.0,2206.098399999999
2074,1055946600.0,1935.9075999999995
2075,1055947500.0,1941.594599999999
2076,1055948400.0,1979.7778
2077,1055949300.0,1494.2135999999994
2078,1055950200.0,1460.9099999999996
2079,1055951100.0,1497.6434000000002
2080,1055952000.0,1397.9217999999994
2081,1055952900.0,1264.6193999999998
2082,1055953800.0,1051.2304000000001
2083,1055954700.0,1059.1261999999997
2084,1055955600.0,834.9571999999996
2085,1055956500.0,855.7669999999995
2086,1055957400.0,722.4316000000002
2087,1055958300.0,539.9328
2088,1055959200.0,495.8865999999999
2089,1055960100.0,437.184
2090,1055961000.0,352.3497999999999
2091,1055961900.0,329.07380000000006
2092,1055962800.0,229.21360000000013
2093,1055963700.0,235.90819999999994
2094,1055964600.0,210.40800000000002
2095,1055965500.0,133.61920000000003
2096,1055966400.0,69.4034
2097,1055967300.0,52.511799999999965
2098,1055968200.0,31.759199999999996
2099,1055969100.0,15.598000000000003
2100,1055970000.0,3.4891999999999994
2101,1055970900.0,1.7511999999999994
2102,1055971800.0,0.3784
2103,1055972700.0,1.3815999999999997
2104,1055973600.0,0.033
2105,1055974500.0,0.0
2106,1055975400.0,2.2792
2107,1055976300.0,0.0
2108,1055977200.0,0.0
2109,1055978100.0,0.0
2110,1055979000.0,0.5873999999999999
2111,1055979900.0,0.5895999999999999
2112,1055980800.0,0.6929999999999998
2113,1055981700.0,3.7488
2114,1055982600.0,5.4824
2115,1055983500.0,9.647
2116,1055984400.0,15.611199999999982
2117,1055985300.0,46.246200000000016
2118,1055986200.0,61.33160000000005
2119,1055987100.0,43.37520000000002
2120,1055988000.0,63.13559999999998
2121,1055988900.0,151.8946
2122,1055989800.0,158.55839999999998
2123,1055990700.0,137.57260000000002
2124,1055991600.0,226.29859999999985
2125,1055992500.0,241.71839999999997
2126,1055993400.0,309.17700000000025
2127,1055994300.0,369.4988000000001
2128,1055995200.0,459.0894000000002
2129,1055996100.0,551.3618000000002
2130,1055997000.0,660.4400000000002
2131,1055997900.0,728.3914000000001
2132,1055998800.0,804.8480000000003
2133,1055999700.0,806.5354000000005
2134,1056000600.0,922.2928000000003
2135,1056001500.0,1027.0744000000004
2136,1056002400.0,1125.8302
2137,1056003300.0,1089.1210000000005
2138,1056004200.0,1056.2112000000006
2139,1056005100.0,1336.4317999999998
2140,1056006000.0,1586.9612000000002
2141,1056006900.0,1526.2081999999991
2142,1056007800.0,1729.4508000000005
2143,1056008700.0,1751.9237999999991
2144,1056009600.0,1598.5727999999997
2145,1056010500.0,1363.2608000000002
2146,1056011400.0,1366.8445999999994
2147,1056012300.0,1361.7142
2148,1056013200.0,1429.2519999999997
2149,1056014100.0,1278.5057999999995
2150,1056015000.0,1192.6354
2151,1056015900.0,1142.7504
2152,1056016800.0,1125.2009999999998
2153,1056017700.0,1298.4796
2154,1056018600.0,1169.7092000000002
2155,1056019500.0,1884.4122
2156,1056020400.0,2494.217
2157,1056021300.0,2548.4690000000005
2158,1056022200.0,2731.2978
2159,1056023100.0,2873.6971999999996
2160,1056024000.0,2650.2805999999987
2161,1056024900.0,2707.374999999998
2162,1056025800.0,2791.4743999999982
2163,1056026700.0,3222.1816
2164,1056027600.0,3337.9280000000003
2165,1056028500.0,2820.9522
2166,1056029400.0,2825.475399999998
2167,1056030300.0,2762.150599999999
2168,1056031200.0,2975.020400000001
2169,1056032100.0,2955.9068000000016
2170,1056033000.0,2830.4562000000005
2171,1056033900.0,2846.5778000000005
2172,1056034800.0,2729.3288000000002
2173,1056035700.0,2509.0384000000004
2174,1056036600.0,2102.8436000000006
2175,1056037500.0,1890.977
2176,1056038400.0,1747.6316000000008
2177,1056039300.0,1803.395
2178,1056040200.0,1760.4993999999997
2179,1056041100.0,1448.6229999999987
2180,1056042000.0,1137.745399999999
2181,1056042900.0,1037.2119999999998
2182,1056043800.0,896.1348000000002
2183,1056044700.0,670.8525999999998
2184,1056045600.0,534.1116000000003
2185,1056046500.0,520.6696000000001
2186,1056047400.0,474.0736
2187,1056048300.0,401.4318000000003
2188,1056049200.0,330.95700000000016
2189,1056050100.0,287.3045999999999
2190,1056051000.0,227.42939999999996
2191,1056051900.0,160.92780000000002
2192,1056052800.0,120.62599999999999
2193,1056053700.0,89.5378
2194,1056054600.0,60.69360000000003
2195,1056055500.0,23.276000000000007
2196,1056056400.0,8.760399999999999
2197,1056057300.0,2.4353999999999996
2198,1056058200.0,1.3705999999999998
2199,1056059100.0,2.4067999999999996
2200,1056060000.0,0.0396
2201,1056060900.0,0.132
2202,1056061800.0,1.4365999999999997
2203,1056062700.0,1.1176000000000001
2204,1056063600.0,1.0648
2205,1056064500.0,1.0648
2206,1056065400.0,3.5838
2207,1056066300.0,3.4914
2208,1056240000.0,0.7238000000000001
2209,1056240900.0,2.2197999999999998
2210,1056241800.0,3.5617999999999985
2211,1056242700.0,12.262799999999995
2212,1056243600.0,17.795799999999993
2213,1056244500.0,31.541400000000007
2214,1056245400.0,32.951600000000006
2215,1056246300.0,35.50800000000002
2216,1056247200.0,45.36620000000003
2217,1056248100.0,96.16639999999995
2218,1056249000.0,154.86240000000004
2219,1056249900.0,161.3084
2220,1056250800.0,193.64179999999996
2221,1056251700.0,240.31479999999996
2222,1056252600.0,463.5246000000003
2223,1056253500.0,508.11640000000034
2224,1056254400.0,459.74280000000016
2225,1056255300.0,442.4266
2226,1056256200.0,332.55859999999996
2227,1056257100.0,349.26539999999994
2228,1056258000.0,326.7483999999999
2229,1056258900.0,385.9240000000002
2230,1056259800.0,394.6690000000003
2231,1056260700.0,485.0186000000002
2232,1056261600.0,566.9334
2233,1056262500.0,706.3583999999998
2234,1056263400.0,712.6921999999997
2235,1056264300.0,684.8687999999996
2236,1056265200.0,693.1671999999998
2237,1056266100.0,924.7700000000003
2238,1056267000.0,999.6360000000001
2239,1056267900.0,1061.7838
2240,1056268800.0,1300.6025999999997
2241,1056269700.0,1479.5659999999998
2242,1056270600.0,1720.6045999999994
2243,1056271500.0,1692.8208000000002
2244,1056272400.0,1578.6892
2245,1056273300.0,1514.106
2246,1056274200.0,1320.2068
2247,1056275100.0,1437.6361999999997
2248,1056276000.0,1384.1673999999998
2249,1056276900.0,1384.1498
2250,1056277800.0,1225.8069999999998
2251,1056278700.0,1320.2397999999998
2252,1056279600.0,1355.9875999999997
2253,1056280500.0,1313.7476000000004
2254,1056281400.0,1506.1661999999994
2255,1056282300.0,1414.6483999999996
2256,1056283200.0,1298.5764000000001
2257,1056284100.0,1328.7824000000003
2258,1056285000.0,1282.5384000000001
2259,1056285900.0,1287.1188
2260,1056286800.0,1132.9340000000002
2261,1056287700.0,1276.4554000000005
2262,1056288600.0,1480.0983999999999
2263,1056289500.0,1541.7600000000002
2264,1056290400.0,1539.7844000000002
2265,1056291300.0,2198.2619999999997
2266,1056292200.0,2107.2875999999997
2267,1056293100.0,2424.2196
2268,1056294000.0,2277.615999999999
2269,1056294900.0,1951.9962
2270,1056295800.0,1896.8070000000007
2271,1056296700.0,1713.984799999999
2272,1056297600.0,1367.0183999999997
2273,1056298500.0,1589.3394000000005
2274,1056299400.0,1456.3758000000005
2275,1056300300.0,1350.4216000000004
2276,1056301200.0,850.3923999999996
2277,1056302100.0,818.1008
2278,1056303000.0,685.0030000000003
2279,1056303900.0,677.3734000000003
2280,1056304800.0,501.3382
2281,1056305700.0,521.8267999999999
2282,1056306600.0,542.5156000000002
2283,1056307500.0,375.66759999999994
2284,1056308400.0,224.5914
2285,1056309300.0,224.28339999999997
2286,1056310200.0,168.1988
2287,1056311100.0,116.73530000000001
2288,1056312000.0,72.64620000000001
2289,1056312900.0,58.252699999999976
2290,1056313800.0,26.261400000000002
2291,1056314700.0,10.694199999999997
2292,1056315600.0,2.046
2293,1056316500.0,0.9921999999999999
2294,1056317400.0,0.5565999999999999
2295,1056318300.0,1.4277999999999997
2296,1056319200.0,0.0462
2297,1056320100.0,0.0
2298,1056321000.0,3.0602000000000005
2299,1056321900.0,0.0
2300,1056322800.0,0.0
2301,1056323700.0,0.0
2302,1056324600.0,0.7744
2303,1056325500.0,0.7831999999999999
2304,1056585600.0,0.6797999999999998
2305,1056586500.0,7.183000000000003
2306,1056587400.0,13.373800000000003
2307,1056588300.0,17.34040000000001
2308,1056589200.0,29.589999999999996
2309,1056590100.0,68.0724
2310,1056591000.0,79.95900000000005
2311,1056591900.0,98.38399999999997
2312,1056592800.0,134.3518
2313,1056593700.0,250.173
2314,1056594600.0,246.66399999999993
2315,1056595500.0,268.7542000000001
2316,1056596400.0,302.74199999999996
2317,1056597300.0,482.83179999999993
2318,1056598200.0,579.5657999999996
2319,1056599100.0,577.1897999999997
2320,1056600000.0,758.9735999999998
2321,1056600900.0,1110.2014000000001
2322,1056601800.0,1207.2698000000005
2323,1056602700.0,1410.0020000000004
2324,1056603600.0,1772.1902000000002
2325,1056604500.0,2038.5969999999998
2326,1056605400.0,2132.5656000000004
2327,1056606300.0,2330.224600000002
2328,1056607200.0,2902.3258
2329,1056608100.0,3159.4574
2330,1056609000.0,3194.4373999999993
2331,1056609900.0,3350.2435999999975
2332,1056610800.0,3385.1773999999987
2333,1056611700.0,3418.278599999999
2334,1056612600.0,3388.7259999999987
2335,1056613500.0,3562.8097999999986
2336,1056614400.0,3671.894599999999
2337,1056615300.0,3705.3478000000005
2338,1056616200.0,4079.842800000001
2339,1056617100.0,4147.347600000001
2340,1056618000.0,4083.228600000001
2341,1056618900.0,4100.426000000002
2342,1056619800.0,4185.986200000003
2343,1056620700.0,4175.072000000003
2344,1056621600.0,4172.179000000003
2345,1056622500.0,4113.762400000003
2346,1056623400.0,4173.8686000000025
2347,1056624300.0,4225.889800000004
2348,1056625200.0,4235.589600000004
2349,1056626100.0,4089.580000000002
2350,1056627000.0,4019.6904000000022
2351,1056627900.0,3853.223000000002
2352,1056628800.0,3699.1834000000013
2353,1056629700.0,3597.6248000000023
2354,1056630600.0,3680.793600000001
2355,1056631500.0,3830.4529999999995
2356,1056632400.0,3837.2114000000015
2357,1056633300.0,2498.8744
2358,1056634200.0,2322.5048000000006
2359,1056635100.0,2336.0986000000003
2360,1056636000.0,2432.4036000000006
2361,1056636900.0,2434.0448
2362,1056637800.0,2475.0044000000016
2363,1056638700.0,2104.990800000002
2364,1056639600.0,1711.8706000000006
2365,1056640500.0,1353.9679999999996
2366,1056641400.0,1335.3845999999996
2367,1056642300.0,1330.5489999999998
2368,1056643200.0,1404.398599999999
2369,1056644100.0,1490.5725999999995
2370,1056645000.0,1230.426999999999
2371,1056645900.0,1236.3031999999992
2372,1056646800.0,1068.7753999999993
2373,1056647700.0,831.5427999999999
2374,1056648600.0,691.1806000000001
2375,1056649500.0,595.793
2376,1056650400.0,454.37919999999986
2377,1056651300.0,432.7444000000001
2378,1056652200.0,422.8334000000001
2379,1056653100.0,404.27200000000005
2380,1056654000.0,294.7230000000001
2381,1056654900.0,300.98199999999997
2382,1056655800.0,222.9326
2383,1056656700.0,166.14179999999996
2384,1056657600.0,123.00859999999993
2385,1056658500.0,92.3362
2386,1056659400.0,79.04600000000002
2387,1056660300.0,38.805800000000005
2388,1056661200.0,8.604200000000002
2389,1056662100.0,2.9106000000000005
2390,1056663000.0,1.4805999999999993
2391,1056663900.0,2.431
2392,1056664800.0,0.0396
2393,1056665700.0,0.0
2394,1056666600.0,2.7346
2395,1056667500.0,0.0
2396,1056668400.0,0.0
2397,1056669300.0,0.0
2398,1056670200.0,0.43560000000000004
2399,1056671100.0,0.43560000000000004
2400,1056758400.0,0.5192
2401,1056759300.0,1.32
2402,1056760200.0,6.039000000000001
2403,1056761100.0,10.643600000000001
2404,1056762000.0,21.513799999999993
2405,1056762900.0,49.874
2406,1056763800.0,70.34719999999997
2407,1056764700.0,98.93839999999996
2408,1056765600.0,156.71919999999992
2409,1056766500.0,151.09159999999997
2410,1056767400.0,242.7171999999999
2411,1056768300.0,257.2350000000002
2412,1056769200.0,324.74640000000005
2413,1056770100.0,404.7251999999999
2414,1056771000.0,514.7978
2415,1056771900.0,678.6911999999996
2416,1056772800.0,729.8873999999997
2417,1056773700.0,756.6063999999999
2418,1056774600.0,1043.8802
2419,1056775500.0,1342.0813999999998
2420,1056776400.0,1561.0100000000011
2421,1056777300.0,1702.6790000000005
2422,1056778200.0,2029.8696000000011
2423,1056779100.0,2326.2580000000003
2424,1056780000.0,2375.659000000001
2425,1056780900.0,2733.2096
2426,1056781800.0,3137.7037999999975
2427,1056782700.0,3190.895399999998
2428,1056783600.0,3325.4121999999998
2429,1056784500.0,3682.6195999999995
2430,1056785400.0,3819.752199999999
2431,1056786300.0,3819.3980000000006
2432,1056787200.0,3500.215399999998
2433,1056788100.0,3416.492199999999
2434,1056789000.0,3384.5371999999993
2435,1056789900.0,3365.936199999999
2436,1056790800.0,3272.1128
2437,1056791700.0,3529.4424
2438,1056792600.0,3691.8552
2439,1056793500.0,3850.176000000001
2440,1056794400.0,3961.1242000000016
2441,1056795300.0,3912.075200000001
2442,1056796200.0,3948.0694000000017
2443,1056797100.0,3957.0519999999997
2444,1056798000.0,3977.9453999999987
2445,1056798900.0,3889.2501999999995
2446,1056799800.0,3880.7604000000006
2447,1056800700.0,3861.235400000001
2448,1056801600.0,3725.9134000000013
2449,1056802500.0,3848.248800000001
2450,1056803400.0,3773.825
2451,1056804300.0,3680.012599999999
2452,1056805200.0,3767.755200000001
2453,1056806100.0,3591.1215999999986
2454,1056807000.0,3293.5451999999996
2455,1056807900.0,3289.950399999999
2456,1056808800.0,3343.9780000000014
2457,1056809700.0,3141.2282000000005
2458,1056810600.0,2486.2111999999993
2459,1056811500.0,2195.459200000001
2460,1056812400.0,1716.352
2461,1056813300.0,1682.8767999999995
2462,1056814200.0,1504.7339999999995
2463,1056815100.0,1488.9225999999994
2464,1056816000.0,1313.0281999999995
2465,1056816900.0,1246.2207999999991
2466,1056817800.0,1077.2497999999996
2467,1056818700.0,1069.7566
2468,1056819600.0,846.2079999999999
2469,1056820500.0,830.8563999999996
2470,1056821400.0,840.4616000000001
2471,1056822300.0,704.2463999999999
2472,1056823200.0,503.23679999999985
2473,1056824100.0,467.1876
2474,1056825000.0,421.5199999999999
2475,1056825900.0,388.48479999999995
2476,1056826800.0,310.17140000000006
2477,1056827700.0,256.29560000000015
2478,1056828600.0,229.78119999999987
2479,1056829500.0,173.7604
2480,1056830400.0,109.50060000000005
2481,1056831300.0,81.60789999999996
2482,1056832200.0,38.27340000000001
2483,1056833100.0,16.612199999999998
2484,1056834000.0,7.035600000000001
2485,1056834900.0,1.8171999999999995
2486,1056835800.0,1.5069999999999988
2487,1056836700.0,2.105399999999999
2488,1056837600.0,0.0528
2489,1056838500.0,0.0
2490,1056839400.0,0.5037999999999999
2491,1056840300.0,0.0
2492,1056841200.0,0.0
2493,1056842100.0,0.0
2494,1056843000.0,0.2618
2495,1056843900.0,0.2618
2496,1056844800.0,0.4114
2497,1056845700.0,2.8577999999999997
2498,1056846600.0,4.135999999999998
2499,1056847500.0,8.212599999999998
2500,1056848400.0,14.489200000000007
2501,1056849300.0,29.510799999999982
2502,1056850200.0,58.90940000000003
2503,1056851100.0,113.28680000000003
2504,1056852000.0,151.44140000000007
2505,1056852900.0,170.3306
2506,1056853800.0,232.22979999999995
2507,1056854700.0,320.8920000000002
2508,1056855600.0,334.3230000000001
2509,1056856500.0,531.3219999999998
2510,1056857400.0,523.0632
2511,1056858300.0,588.0269999999998
2512,1056859200.0,700.0795999999999
2513,1056860100.0,821.2182
2514,1056861000.0,865.0620000000001
2515,1056861900.0,878.0089999999998
2516,1056862800.0,874.0864
2517,1056863700.0,1086.0718000000002
2518,1056864600.0,1041.766
2519,1056865500.0,1287.8580000000004
2520,1056866400.0,1210.2090000000003
2521,1056867300.0,1117.9916000000003
2522,1056868200.0,1172.3074000000004
2523,1056869100.0,1332.9117999999999
2524,1056870000.0,1362.8538000000003
2525,1056870900.0,1474.8558000000003
2526,1056871800.0,1443.0372000000007
2527,1056872700.0,1370.4570000000008
2528,1056873600.0,1412.8312000000008
2529,1056874500.0,1317.3314000000007
2530,1056875400.0,1048.4892000000002
2531,1056876300.0,1204.0644
2532,1056877200.0,1268.7642
2533,1056878100.0,1323.7817999999997
2534,1056879000.0,1582.9198000000004
2535,1056879900.0,1644.6386000000007
2536,1056880800.0,1786.8818000000006
2537,1056881700.0,1957.7184000000007
2538,1056882600.0,2087.3666000000003
2539,1056883500.0,1949.3914000000002
2540,1056884400.0,1473.318
2541,1056885300.0,1633.5792000000001
2542,1056886200.0,1555.0193999999995
2543,1056887100.0,1510.5486
2544,1056888000.0,1512.8608
2545,1056888900.0,1445.7520000000004
2546,1056889800.0,1576.645400000001
2547,1056890700.0,1421.8138000000004
2548,1056891600.0,1347.0908000000002
2549,1056892500.0,1290.4495999999997
2550,1056893400.0,1313.6617999999999
2551,1056894300.0,1235.883
2552,1056895200.0,1187.3421999999998
2553,1056896100.0,1098.4754
2554,1056897000.0,1129.7836000000002
2555,1056897900.0,1125.1151999999997
2556,1056898800.0,1122.4554000000003
2557,1056899700.0,1219.1278000000002
2558,1056900600.0,1253.0078000000008
2559,1056901500.0,914.1528
2560,1056902400.0,846.0385999999995
2561,1056903300.0,573.2738000000003
2562,1056904200.0,431.52119999999996
2563,1056905100.0,386.13299999999987
2564,1056906000.0,325.1533999999999
2565,1056906900.0,323.18219999999997
2566,1056907800.0,306.4028
2567,1056908700.0,322.8302000000001
2568,1056909600.0,169.64860000000002
2569,1056910500.0,184.55359999999996
2570,1056911400.0,162.20819999999995
2571,1056912300.0,131.59739999999996
2572,1056913200.0,91.87639999999998
2573,1056914100.0,112.56079999999996
2574,1056915000.0,79.36059999999996
2575,1056915900.0,57.38920000000002
2576,1056916800.0,28.771599999999985
2577,1056917700.0,19.8836
2578,1056918600.0,12.225400000000002
2579,1056919500.0,4.402200000000001
2580,1056920400.0,1.0604
2581,1056921300.0,0.605
2582,1056922200.0,0.46199999999999997
2583,1056923100.0,1.3573999999999995
2584,1056924000.0,0.0264
2585,1056924900.0,0.24200000000000002
2586,1056925800.0,0.07260000000000001
2587,1056926700.0,0.0
2588,1056927600.0,0.0
2589,1056928500.0,0.0
2590,1056929400.0,0.3344
2591,1056930300.0,0.3344
2592,1056931200.0,0.3696
2593,1056932100.0,0.473
2594,1056933000.0,2.6773999999999996
2595,1056933900.0,3.506799999999999
2596,1056934800.0,13.336400000000001
2597,1056935700.0,27.315199999999994
2598,1056936600.0,34.128600000000006
2599,1056937500.0,39.5978
2600,1056938400.0,40.64720000000002
2601,1056939300.0,78.1242
2602,1056940200.0,110.07920000000004
2603,1056941100.0,123.21979999999998
2604,1056942000.0,141.16959999999995
2605,1056942900.0,190.01620000000003
2606,1056943800.0,164.69199999999998
2607,1056944700.0,182.83759999999998
2608,1056945600.0,171.45700000000005
2609,1056946500.0,264.7678000000001
2610,1056947400.0,253.62480000000008
2611,1056948300.0,271.7088
2612,1056949200.0,294.5557999999999
2613,1056950100.0,437.49420000000015
2614,1056951000.0,427.25980000000027
2615,1056951900.0,491.0862000000002
2616,1056952800.0,542.5683999999999
2617,1056953700.0,550.2199999999998
2618,1056954600.0,570.1321999999996
2619,1056955500.0,610.0049999999995
2620,1056956400.0,682.2793999999999
2621,1056957300.0,817.0095999999999
2622,1056958200.0,983.8840000000001
2623,1056959100.0,887.9749999999999
2624,1056960000.0,795.8434
2625,1056960900.0,775.4581999999996
2626,1056961800.0,812.3675999999999
2627,1056962700.0,999.5787999999998
2628,1056963600.0,963.3447999999995
2629,1056964500.0,917.8410999999992
2630,1056965400.0,885.1017999999995
2631,1056966300.0,955.2575999999993
2632,1056967200.0,950.4681999999995
2633,1056968100.0,1101.4563999999998
2634,1056969000.0,1403.2853999999995
2635,1056969900.0,1005.4923999999999
2636,1056970800.0,1050.9664000000002
2637,1056971700.0,1258.3868
2638,1056972600.0,1314.1634
2639,1056973500.0,1284.525
2640,1056974400.0,976.5161999999998
2641,1056975300.0,1001.1386
2642,1056976200.0,983.9301999999999
2643,1056977100.0,951.2667999999999
2644,1056978000.0,932.9143999999999
2645,1056978900.0,989.4169999999996
2646,1056979800.0,964.3920000000002
2647,1056980700.0,884.7454000000002
2648,1056981600.0,846.6458000000001
2649,1056982500.0,780.0716
2650,1056983400.0,834.8405999999999
2651,1056984300.0,771.7996000000002
2652,1056985200.0,751.0954000000004
2653,1056986100.0,763.1998000000002
2654,1056987000.0,748.3850000000003
2655,1056987900.0,722.4866000000003
2656,1056988800.0,691.9594000000002
2657,1056989700.0,584.2716000000003
2658,1056990600.0,609.3120000000004
2659,1056991500.0,515.2510000000001
2660,1056992400.0,375.8919999999999
2661,1056993300.0,396.19359999999995
2662,1056994200.0,420.54539999999986
2663,1056995100.0,402.7033999999998
2664,1056996000.0,228.44799999999984
2665,1056996900.0,213.61559999999992
2666,1056997800.0,184.83739999999992
2667,1056998700.0,201.3043999999999
2668,1056999600.0,118.21259999999997
2669,1057000500.0,125.28779999999998
2670,1057001400.0,77.20679999999997
2671,1057002300.0,48.07660000000003
2672,1057003200.0,18.845200000000002
2673,1057004100.0,17.474600000000006
2674,1057005000.0,7.442600000000001
2675,1057005900.0,4.796000000000001
2676,1057006800.0,1.5597999999999999
2677,1057007700.0,0.21119999999999997
2678,1057008600.0,0.2464
2679,1057009500.0,1.3595999999999997
2680,1057010400.0,0.0462
2681,1057011300.0,0.451
2682,1057012200.0,0.0
2683,1057013100.0,0.0
2684,1057014000.0,0.0
2685,1057014900.0,0.0
2686,1057015800.0,0.7766
2687,1057016700.0,0.7766
2688,1057104000.0,0.3586
2689,1057104900.0,0.7303999999999999
2690,1057105800.0,5.665000000000001
2691,1057106700.0,8.432600000000003
2692,1057107600.0,17.59559999999999
2693,1057108500.0,40.671399999999984
2694,1057109400.0,72.87939999999999
2695,1057110300.0,100.529
2696,1057111200.0,137.80579999999998
2697,1057112100.0,155.1066000000001
2698,1057113000.0,208.36640000000003
2699,1057113900.0,252.66560000000004
2700,1057114800.0,332.7323999999999
2701,1057115700.0,440.88439999999986
2702,1057116600.0,550.1188000000002
2703,1057117500.0,569.1729999999999
2704,1057118400.0,682.2221999999998
2705,1057119300.0,764.3019999999997
2706,1057120200.0,764.5395999999997
2707,1057121100.0,1123.7644000000003
2708,1057122000.0,1260.05
2709,1057122900.0,1508.4630000000006
2710,1057123800.0,1534.5132
2711,1057124700.0,1770.032
2712,1057125600.0,1878.0959999999998
2713,1057126500.0,1969.2529999999992
2714,1057127400.0,3054.7990000000004
2715,1057128300.0,3243.820800000002
2716,1057129200.0,3174.7166000000016
2717,1057130100.0,3321.696400000001
2718,1057131000.0,3377.8360000000002
2719,1057131900.0,3434.235200000001
2720,1057132800.0,3496.6910000000003
2721,1057133700.0,3487.2772000000014
2722,1057134600.0,3439.6120000000005
2723,1057135500.0,3518.317000000001
2724,1057136400.0,3679.0842000000002
2725,1057137300.0,3680.0456000000004
2726,1057138200.0,3717.0232000000005
2727,1057139100.0,3850.0308
2728,1057140000.0,4078.7934000000005
2729,1057140900.0,4371.184400000001
2730,1057141800.0,4368.551
2731,1057142700.0,4355.905400000001
2732,1057143600.0,4186.624200000002
2733,1057144500.0,3832.0238000000013
2734,1057145400.0,3668.3460000000005
2735,1057146300.0,3486.6216000000013
2736,1057147200.0,3494.1214000000023
2737,1057148100.0,3616.870400000002
2738,1057149000.0,3666.399000000002
2739,1057149900.0,3753.789600000002
2740,1057150800.0,3759.6680000000015
2741,1057151700.0,3272.216199999999
2742,1057152600.0,3048.7401999999997
2743,1057153500.0,2859.1441999999993
2744,1057154400.0,2651.798600000001
2745,1057155300.0,2259.5231999999996
2746,1057156200.0,2043.4260000000008
2747,1057157100.0,1684.3662
2748,1057158000.0,2020.193999999999
2749,1057158900.0,1539.0693999999994
2750,1057159800.0,1445.0347999999994
2751,1057160700.0,1406.1915999999997
2752,1057161600.0,1388.3957999999996
2753,1057162500.0,1043.9197999999994
2754,1057163400.0,1015.4407999999997
2755,1057164300.0,1024.7512
2756,1057165200.0,866.5183999999998
2757,1057166100.0,693.2486000000001
2758,1057167000.0,575.3066000000006
2759,1057167900.0,555.3108000000001
2760,1057168800.0,464.2703999999999
2761,1057169700.0,460.4709999999999
2762,1057170600.0,395.4214
2763,1057171500.0,362.24760000000003
2764,1057172400.0,286.1100000000001
2765,1057173300.0,246.21300000000016
2766,1057174200.0,200.98540000000008
2767,1057175100.0,120.6018
2768,1057176000.0,100.34640000000005
2769,1057176900.0,85.31159999999996
2770,1057177800.0,46.51790000000001
2771,1057178700.0,17.0522
2772,1057179600.0,6.6484000000000005
2773,1057180500.0,1.1219999999999999
2774,1057181400.0,0.9899999999999995
2775,1057182300.0,1.7357999999999998
2776,1057183200.0,0.0176
2777,1057184100.0,2.7698
2778,1057185000.0,0.0
2779,1057185900.0,0.0
2780,1057186800.0,0.0
2781,1057187700.0,0.0
2782,1057188600.0,0.5632
2783,1057189500.0,0.43560000000000004
2784,1057190400.0,0.36739999999999995
2785,1057191300.0,0.715
2786,1057192200.0,3.2274000000000007
2787,1057193100.0,6.633000000000002
2788,1057194000.0,13.076799999999993
2789,1057194900.0,39.5076
2790,1057195800.0,79.66639999999998
2791,1057196700.0,90.41339999999998
2792,1057197600.0,135.7290000000001
2793,1057198500.0,139.15
2794,1057199400.0,180.36919999999998
2795,1057200300.0,158.2064
2796,1057201200.0,382.34680000000014
2797,1057202100.0,637.2035999999999
2798,1057203000.0,569.7757999999999
2799,1057203900.0,561.7006999999999
2800,1057204800.0,634.7263999999999
2801,1057205700.0,694.6896000000002
2802,1057206600.0,681.4247
2803,1057207500.0,833.5458999999998
2804,1057208400.0,894.0569
2805,1057209300.0,912.0704999999999
2806,1057210200.0,967.5093999999999
2807,1057211100.0,1111.6137999999999
2808,1057212000.0,988.9835999999999
2809,1057212900.0,974.1775999999996
2810,1057213800.0,916.0425999999997
2811,1057214700.0,952.2611999999993
2812,1057215600.0,1035.6917999999998
2813,1057216500.0,1479.8036000000002
2814,1057217400.0,1583.4346000000007
2815,1057218300.0,1571.4732000000004
2816,1057219200.0,1582.3433999999993
2817,1057220100.0,1454.4881999999998
2818,1057221000.0,1464.3947999999998
2819,1057221900.0,1809.6166000000003
2820,1057222800.0,2599.9248000000002
2821,1057223700.0,2776.6936999999994
2822,1057224600.0,2912.694399999999
2823,1057225500.0,2902.963799999999
2824,1057226400.0,2840.3386000000005
2825,1057227300.0,2872.276
2826,1057228200.0,2888.3118
2827,1057229100.0,3004.0427999999997
2828,1057230000.0,2960.7973999999986
2829,1057230900.0,2985.5055999999986
2830,1057231800.0,3064.786999999999
2831,1057232700.0,3134.298199999999
2832,1057233600.0,3145.0627999999992
2833,1057234500.0,3141.0939999999996
2834,1057235400.0,3257.0956000000006
2835,1057236300.0,3288.8592000000003
2836,1057237200.0,2963.443999999999
2837,1057238100.0,2409.7017999999994
2838,1057239000.0,1991.9636000000005
2839,1057239900.0,2002.2354000000007
2840,1057240800.0,2017.2988
2841,1057241700.0,1780.9726000000007
2842,1057242600.0,1460.921000000001
2843,1057243500.0,1359.2920000000004
2844,1057244400.0,1098.2311999999997
2845,1057245300.0,1204.6979999999996
2846,1057246200.0,1198.1309999999999
2847,1057247100.0,1026.1790000000003
2848,1057248000.0,741.8224000000002
2849,1057248900.0,721.9124000000002
2850,1057249800.0,644.622
2851,1057250700.0,509.5002000000001
2852,1057251600.0,365.4574
2853,1057252500.0,504.8164000000002
2854,1057253400.0,563.4816000000002
2855,1057254300.0,517.748
2856,1057255200.0,241.4852000000001
2857,1057256100.0,216.53720000000013
2858,1057257000.0,237.49000000000007
2859,1057257900.0,239.84839999999994
2860,1057258800.0,226.32499999999985
2861,1057259700.0,176.71499999999997
2862,1057260600.0,126.34160000000007
2863,1057261500.0,96.93310000000005
2864,1057262400.0,69.4496
2865,1057263300.0,43.47639999999999
2866,1057264200.0,20.87910000000001
2867,1057265100.0,12.421199999999997
2868,1057266000.0,3.605800000000001
2869,1057266900.0,1.1153999999999997
2870,1057267800.0,0.5301999999999998
2871,1057268700.0,1.4607999999999999
2872,1057269600.0,0.0066
2873,1057270500.0,1.1880000000000002
2874,1057271400.0,0.0
2875,1057272300.0,0.0
2876,1057273200.0,0.0
2877,1057274100.0,0.0
2878,1057275000.0,0.6819999999999999
2879,1057275900.0,0.5873999999999999
